# 1D Dataset
# Length: 200
# X, Y [, YError]
# Units: X [1/nm], Y [cts]
5.04735991042718,1.6399457669994841,0.015951930031780005
5.1221716232553,1.6880894504945256,0.013378581754151771
5.19698333608342,1.6885309098348698,0.013575135695416607
5.2717950489115406,1.7670000301654121,0.013748152878033831
5.34660676173966,1.8126559768521315,0.017011538903279142
5.4214184745677816,1.8518926393700932,0.013797925690015681
5.4962301873959021,1.8739366103221373,0.013708246736287552
5.5710419002240226,1.9455846292337708,0.014126204595708786
5.6458536130521422,2.0149263202582981,0.017390376535074744
5.7206653258802627,2.0357706266664661,0.014125742039879255
5.795477038708384,2.0738666009350859,0.014120879605454929
5.8702887515365045,2.1424483514563293,0.014426402891372161
5.9451004643646241,2.1867306011734793,0.014352672129867133
6.0199121771927446,2.2810478438324138,0.017973591486144427
6.0947238900208651,2.3214080636835592,0.014633479794909008
6.1695356028489865,2.4046099003245067,0.014650644604442516
6.2443473156771052,2.4564439761126255,0.014753846795481616
6.3191590285052266,2.5414645000961311,0.01835034504193218
6.3939707413333471,2.61780352403653,0.015311597282445947
6.4687824541614667,2.7101548901548882,0.015000838114984214
6.5435941669895872,2.8060556641545236,0.015373765162688414
6.6184058798177077,2.8530650037792897,0.019034171045118689
6.6932175926458291,2.9766092340585808,0.015695241662339047
6.7680293054739487,3.0428884950516579,0.015572557346509997
6.8428410183020691,3.1102909410789277,0.0163353136621167
6.91765273113019,3.2241742037400574,0.017031397917442306
6.9924644439583092,3.2639793281653766,0.021243842936332479
7.0672761567864306,3.394243509662616,0.017813682653338686
7.1420878696145511,3.5031234573643975,0.018164891188282375
7.2168995824426716,3.6240225768372611,0.018730682719046817
7.2917112952707912,3.7081765472076986,0.023616727633155789
7.3665230080989117,3.7899462073896539,0.019473319581221522
7.4413347209270331,3.9076988385568541,0.019334868622556477
7.5161464337551536,4.0211660542864864,0.020069253436260894
7.5909581465832732,4.0890470765516973,0.024945750000512985
7.6657698594113937,4.2416506416351734,0.021216272556423662
7.7405815722395142,4.3716472872787868,0.020880078192618327
7.8153932850676346,4.44152834212968,0.019707550812141025
7.8902049978957542,4.6029999681525418,0.019898268367976618
7.9650167107238756,4.7187542768432538,0.02439347467291629
8.0398284235519952,4.7951335311744323,0.019934255466336877
8.1146401363801157,4.9460005744181359,0.019667763779103491
8.189451849208238,5.052677878268546,0.019892246427725881
8.2642635620363567,5.1611440573264069,0.023928315858674241
8.3390752748644772,5.2449370504493515,0.019662909800708023
8.4138869876925977,5.3842834772417065,0.019853160497772828
8.4886987005207182,5.4601483101163266,0.020093854195083295
8.5635104133488387,5.6047222051691339,0.024671838979503983
8.63832212617696,5.66441936474034,0.020056330880489782
8.71313383900508,5.7280420175287565,0.020081600147202353
8.7879455518331984,5.8478791832097272,0.02029196249372886
8.86275726466132,5.9484830427753339,0.020155112401230364
8.9375689774894411,6.0476593582979064,0.024912983944390947
9.0123806903175616,6.145811422626803,0.020081037876722978
9.0871924031456821,6.179925139408752,0.020130023407721964
9.1620041159738,6.2497019022203739,0.020115979076751341
9.2368158288019231,6.3686183805418795,0.024722513647141026
9.3116275416300436,6.4232320959193361,0.020049748114099191
9.3864392544581623,6.4852155987197149,0.020375716297771705
9.4612509672862846,6.5807622112349264,0.020168277957359166
9.5360626801144033,6.6441156305307931,0.02477324022997545
9.6108743929425238,6.6906963311027541,0.02021583210649407
9.685686105770646,6.74054028175195,0.020278092386836467
9.7604978185987648,6.7929661939026476,0.020110950526793618
9.835309531426887,6.8552926216171768,0.020368345191318676
9.9101212442550057,6.9084742781628226,0.024686335264759017
9.9849329570831262,6.94388483814405,0.020093411574822431
10.059744669911248,7.0172216668208565,0.01997201990008261
10.134556382739367,7.06781494051869,0.02000792150997685
10.209368095567488,7.0911826756744025,0.02452014611869377
10.284179808395608,7.1055495706681064,0.0199284689810385
10.358991521223729,7.15583580152058,0.019849941114372303
10.433803234051849,7.1578562612358816,0.019636932867316298
10.50861494687997,7.1996839779623567,0.023756445211220743
10.583426659708088,7.1893004991547338,0.01974394470092302
10.658238372536211,7.2133797938610371,0.019629709918021924
10.733050085364331,7.230460210412673,0.019478439544527854
10.807861798192452,7.2439978962375671,0.01932730311546163
10.882673511020572,7.252030305640492,0.023401955547437216
10.957485223848691,7.2143528271192281,0.018995174431312056
11.032296936676811,7.2268105020048905,0.01900003320917279
11.107108649504934,7.2158660362871556,0.01887715153247442
11.181920362333054,7.1881355709633326,0.02265812386287382
11.256732075161173,7.1794466155607841,0.019015893460078922
11.331543787989293,7.1951670409577408,0.018683815680082642
11.406355500817414,7.2505271691135063,0.018535666237693402
11.481167213645536,7.3454855257949578,0.023169748947005873
11.555978926473657,7.3009265766178473,0.018780720846497137
11.630790639301775,7.2242109791727769,0.018436661170128155
11.705602352129896,7.1513776297820728,0.018189613163862837
11.780414064958016,7.0626243880729325,0.018094349107628697
11.855225777786137,7.00392513277302,0.021801137315364812
11.930037490614259,6.9246623700924443,0.017734151406996836
12.004849203442378,6.8028720602955532,0.0174492075891143
12.079660916270496,6.749151751768764,0.017269996394901246
12.154472629098619,6.7459660286167864,0.02136935338151677
12.229284341926739,6.71765297976534,0.017224427540060563
12.304096054754861,6.613352857999911,0.01697258485943828
12.37890776758298,6.543632167587095,0.016720048199558905
12.453719480411099,6.4993854534100777,0.020380621817584228
12.528531193239221,6.4135719845517229,0.016473777299559466
12.603342906067342,6.3807690402663368,0.016657828166172974
12.678154618895462,6.3175891956975017,0.016502522991851419
12.752966331723583,6.2671898901404575,0.016139459528590642
12.827778044551701,6.1896324808526364,0.019732412147577517
12.902589757379822,6.1452846106686581,0.015879553518392289
12.977401470207944,6.1316144490270545,0.016092615788507868
13.052213183036065,6.0685132027106192,0.016138321159198724
13.127024895864185,6.0535509198206086,0.019722033669252129
13.201836608692304,5.96389437133573,0.015950390857507178
13.276648321520424,5.9301183743682016,0.016018679280991738
13.351460034348547,5.8465170817526264,0.015830083247459898
13.426271747176667,5.8093439690753739,0.015809294760084597
13.501083460004786,5.765114586721964,0.019155749577623671
13.575895172832906,5.678328966764151,0.015545077547059251
13.650706885661027,5.6119151673540495,0.015303933977434341
13.725518598489147,5.5478486639213029,0.015409823431855046
13.800330311317268,5.5109645498750455,0.018835464456985918
13.875142024145388,5.4707363744630833,0.015124068442310038
13.949953736973507,5.3953774438244553,0.015513281711585149
14.024765449801629,5.3697097944221452,0.015533828941114174
14.09957716262975,5.3197557997557965,0.018794924834466719
14.17438887545787,5.2356765221241046,0.015405905342277003
14.249200588285991,5.2030436660893766,0.015054198127500822
14.324012301114109,5.1387994866658593,0.015271780860033207
14.398824013942232,5.0975948565616527,0.015327847709777189
14.473635726770352,5.0110164982716192,0.018494422189205526
14.548447439598471,4.9853157927692431,0.015056624640593565
14.623259152426593,4.9206451981387032,0.015045937377936074
14.698070865254712,4.8288871020035566,0.014784731194433404
14.772882578082834,4.7593762916209714,0.0181529579634341
14.847694290910955,4.7416348333516858,0.014670102806172173
14.922506003739073,4.6407855005654239,0.014863020321748015
14.997317716567196,4.5752411890966558,0.014531711717813084
15.072129429395314,4.5255548200894662,0.01799918440992368
15.146941142223435,4.4541994053005292,0.014253332664675322
15.221752855051557,4.378071034470242,0.014435292865389407
15.296564567879676,4.3080991578637295,0.014195589725403525
15.371376280707796,4.2191938784783813,0.014086099123781205
15.446187993535917,4.1761828169762536,0.017013346800635074
15.520999706364037,4.1048089417185416,0.013882631622928063
15.59581141919216,4.0015863599602506,0.013497967377227157
15.670623132020278,3.9263064041680411,0.013586984607676513
15.745434844848399,3.8505488193056476,0.016140548357069233
15.820246557676519,3.7689544021031,0.013334554164861822
15.89505827050464,3.7175920504701474,0.013063237113273904
15.969869983332758,3.6144123169413063,0.012899128505530381
16.044681696160879,3.5672255453905675,0.015639046975911817
16.119493408989,3.4781591684506914,0.012823373050743445
16.19430512181712,3.3823947878328617,0.012619410650670489
16.269116834645242,3.3447658017946331,0.012437786269280233
16.343928547473361,3.2406577757512083,0.012243059149344749
16.418740260301483,3.1744925839384623,0.01499764118404427
16.493551973129602,3.128344884918294,0.012128133348580292
16.568363685957724,3.0329548829103619,0.011872982347234459
16.643175398785843,2.9683197744049834,0.011776615475206234
16.717987111613962,2.8838394539862371,0.014435020504351298
16.792798824442084,2.8486388448030593,0.011563326992382958
16.867610537270206,2.784446789180278,0.011494115581058719
16.942422250098325,2.6941281475738204,0.011116232062075203
17.017233962926447,2.6491510555441735,0.01360496200515081
17.092045675754566,2.6220671403297655,0.011144832042704394
17.166857388582688,2.5631754805473608,0.0110553805005852
17.241669101410807,2.4871320003968425,0.010808462366054318
17.316480814238925,2.4465911395655309,0.010726420346194011
17.391292527067048,2.4155656205420826,0.013179175491108712
17.466104239895166,2.3581353386951474,0.010488534698401259
17.540915952723292,2.3245372348204696,0.01041689302631635
17.615727665551407,2.2632815945205116,0.010248759159404547
17.69053937837953,2.2317838623452477,0.012567599847268995
17.765351091207652,2.1978963119534876,0.01014390229183541
17.840162804035767,2.1523728382590943,0.009990008564702552
17.914974516863893,2.13920136549288,0.0099171427659252038
17.989786229692012,2.072372044270181,0.011963485803764528
18.06459794252013,2.0713250672682513,0.00995452004991123
18.139409655348253,2.0270208093438029,0.0097037297558938123
18.214221368176371,2.0051663831078486,0.0097001566903329346
18.289033081004494,2.0034531933979678,0.0096350364608808123
18.363844793832612,1.9819343778907541,0.011668467855842878
18.438656506660735,1.933414062858591,0.0094953249465594674
18.513468219488853,1.924126454149474,0.0095432272578648818
18.588279932316972,1.914651933434472,0.00940710312135553
18.663091645145098,1.8901571518287033,0.011470399326395948
18.737903357973213,1.8664829436116133,0.00926576268433694
18.812715070801335,1.8530705385897435,0.00929308489853077
18.887526783629458,1.8750588999902353,0.009343247622047534
18.962338496457573,1.9491676139108565,0.011734892334336272
19.0371502092857,2.0347607230134277,0.009788004624073093
19.111961922113817,2.0756370437885221,0.0097438608665866757
19.186773634941936,2.0367368745518966,0.0097075421713107551
19.261585347770058,1.9283954823134986,0.00943028140703306
19.336397060598177,1.8337450494407039,0.011214342021895245
19.411208773426303,1.7808313729328484,0.0090571456566680923
19.486020486254418,1.7663098442753355,0.0090687221254798275
19.56083219908254,1.7577866701179,0.008996380319056186
19.635643911910662,1.7465342332836313,0.010885461700783739
19.710455624738778,1.7541433251969132,0.009086375748436494
19.785267337566903,1.7268278417258636,0.009027605879034126
19.860079050395022,1.7566994295361791,0.0089252063911556562
19.934890763223141,1.7474905935576992,0.008994823486846831
