# 1D Dataset
# Length: 748
# X, Y [, YError]
# Units: X [°], Y [cts]
0.018985906935894994,3.8,0.54313902456001084
0.056957722892410224,10.914285714285715,0.4318918987951707
0.094929545103103266,12.099999999999998,0.37266278459273089
0.13290137773743285,19.536842105263155,0.39223770281866754
0.170873224964868,18.96551724137931,0.2346855107196352
0.20884509095489218,18.833333333333332,0.30980280466415694
0.24681697987700743,26.292307692307688,0.320953543145002
0.2847888959007383,18.102222222222228,0.20796485932976608
0.32276084319563647,19.172000000000004,0.250583319476776
0.36073282593128403,12.770967741935486,0.17480478185274226
0.39870484827729841,11.169491525423728,0.20973163794248167
0.43667691440333628,8.7216216216216225,0.14893093589617357
0.47464902847909735,9.1402597402597419,0.13346959922780183
0.51262119467432865,15.292682926829265,0.21389840639188945
0.550593417158829,2.6764044943820222,0.078924086871172777
0.58856570010245279,3.206451612903225,0.079424452957502722
0.6265380476751139,12.115887850467292,0.13433258772957721
0.66451046404679037,10.499047619047625,0.13579362760104816
0.7024829533875282,6.65217391304348,0.091059713680510593
0.74045551986744529,4.3058823529411745,0.067363306970860778
0.77842816765673584,3.3476190476190455,0.061547606255051721
0.81640090092567474,2.4423357664233571,0.0482856508278576
0.85437372384462118,2.2977443609022532,0.051227236381641575
0.89234664058402269,1.8027027027027025,0.044203857388638183
0.93031965531441985,1.4671140939597307,0.040856996658320592
0.96829277220644983,1.1739130434782608,0.034526564247670304
1.0062659954308515,1.0319018404907976,0.032172050557366605
1.0442393291584673,1.0301204819277106,0.03189928263824994
1.0822127775602506,0.9522222222222223,0.031836775070876455
1.1201863448072669,0.96741573033707873,0.030832410638229748
1.1581600350707,0.94764397905759146,0.030003243522291938
1.1961338525218552,0.93829787234042583,0.03085106382978724
1.2341078013321625,0.92437810945273635,0.03003261347818223
1.2720818856731833,0.84537037037037033,0.026803916344685416
1.3100561097166115,0.90576923076923055,0.029005967555766076
1.3480304776342806,0.87511312217194615,0.02717193628235734
1.3860049935981651,0.834821428571428,0.026837747080694883
1.4239796617803864,0.85502183406113508,0.027961241211497161
1.4619544863532157,0.83999999999999964,0.026084155605992587
1.4999294714890805,0.86581196581196562,0.027000972647745831
1.5379046213605652,0.78455598455598441,0.023900830178443491
1.575879940140418,0.86319999999999963,0.025959969183340727
1.6138554320015539,0.81283018867924539,0.023890100817123647
1.6518311011170592,0.78897058823529409,0.023298499290815969
1.689806951660195,0.75777777777777811,0.023842188058416418
1.7277829878044026,0.81180555555555545,0.023214603681176081
1.7657592137233058,0.78705035971222992,0.022354313580272442
1.8037356335907171,0.78940397350993363,0.02297927360648672
1.8417122515806394,0.75518394648829457,0.022189822629295482
1.8796890718672736,0.79072847682119141,0.022044128446481105
1.9176660986250182,0.81300309597523246,0.022157321777192433
1.9556433360284782,0.72774193548387089,0.021207070856636902
1.993620788252465,0.79156626506024119,0.022097022760188229
2.0315984594720042,0.78282208588957047,0.021450470843002566
2.069576353862336,0.73819241982507255,0.020623602546737486
2.1075544755989242,0.79132947976878665,0.021628077380196193
2.1455328288574536,0.75144508670520183,0.020704618137077819
2.1835114178138415,0.77555555555555611,0.021390692564642735
2.2214902466442363,0.78932584269662942,0.020403393030713358
2.2594693195250253,0.84126984126984161,0.021054611376795273
2.2974486406328349,0.75136612021857907,0.019762995978169533
2.3354282141445393,0.76736842105263237,0.019881922913183261
2.3734080442372614,0.77070707070707056,0.019755158803644403
2.411388135088377,0.73664921465968614,0.020455732560823354
2.4493684908755231,0.75414634146341442,0.019337633797965655
2.4873491157765946,0.75511221945137175,0.019235970848555509
2.5253300139697563,0.77666666666666639,0.018714346298217711
2.5633111896334411,0.76738609112709888,0.019124606270865124
2.6012926469463573,0.75443645083932787,0.0183229750550533
2.6392743900874911,0.76537585421412291,0.017785167467829755
2.677256423236114,0.78254716981132089,0.018985482827828411
2.7152387505717819,0.78982300884955725,0.018610390128153187
2.7532213762743423,0.778807947019867,0.018754704978154051
2.7912043045239385,0.80394736842105252,0.018569265903523296
2.8291875395010138,0.78595744680851043,0.0174468085106383
2.8671710853863139,0.79911504424778823,0.018417394148909229
2.9051549463608941,0.76904276985743436,0.016863740565771453
2.943139126606118,0.78860759493670862,0.018534208549027362
2.98112363030367,0.79224489795918451,0.0181644117959646
3.0191084616355508,0.78458417849898621,0.017249729513565373
3.0570936247840876,0.81370967741935507,0.017980887210889758
3.0950791239319351,0.7888246628131026,0.017490259295430015
3.1330649632620808,0.79068825910931206,0.018119387854737053
3.1710511469578506,0.8223463687150846,0.017605399701748226
3.2090376792029085,0.79923371647509667,0.017536846730031891
3.2470245641812663,0.8075187969924813,0.017276880139964004
3.2850118060772835,0.80968342644320379,0.017301407298825983
3.3229994090756749,0.83163841807909666,0.017810305713803237
3.3609873773615089,0.77178130511463772,0.016623452088815781
3.3989757151202213,0.817153284671533,0.016696830998099106
3.43696442653761,0.81986062717770047,0.016998342742370009
3.4749535157998444,0.83816254416961111,0.01721685896124359
3.5129429870934663,0.82837127845884451,0.01721105499372462
3.5509328446053989,0.81932203389830538,0.016509553439845323
3.5889230925229469,0.84467713787085485,0.017315346254537487
3.6269137350338014,0.85475409836065519,0.01656792392540676
3.6649047763260425,0.84358108108108187,0.016725532154711582
3.7028962205881504,0.82588996763754063,0.016016965586607552
3.7408880720090019,0.871381578947368,0.016727871230383058
3.7788803347778752,0.84901960784313735,0.016426242303087851
3.816873013084459,0.86964560862866036,0.0163778198000582
3.8548661111188522,0.85203252032520294,0.016726642039067516
3.8928596330715726,0.87438271604938245,0.015983959723733416
3.9308535831335534,0.88,0.016397502011929643
3.9688479654961579,0.874347158218126,0.016380887848563196
4.0068427843511722,0.87963525835866341,0.016905544460468134
4.0448380438908185,0.86132930513595185,0.015907714340665596
4.082833748307757,0.87224669603524208,0.01575535809809301
4.1208299017950853,0.87132243684992583,0.016520732733759029
4.1588265085463485,0.89300291545189536,0.015973909658079
4.1968235727555419,0.86705882352941233,0.015927224195955672
4.2348210986171138,0.91193181818181868,0.015911627232886881
4.2728190903259691,0.88300283286118963,0.0156462695999234
4.3108175520774763,0.90860366713681329,0.01570343092774814
4.3488164880674685,0.90363128491620126,0.015756765113039622
4.3868159024922511,0.90810055865921746,0.01565367714195829
4.4248157995486048,0.88575342465753393,0.015477633545745733
4.4628161834337847,0.90327868852458959,0.015705035916065497
4.5008170583455351,0.90406504065040749,0.015846128895440344
4.53881842848208,0.92965879265091855,0.015523331320337267
4.5768202980421444,0.93823529411764839,0.0162123392497923
4.61482267122494,0.92197070572569939,0.015597994773751674
4.6528255522301833,0.9309987029831398,0.015236498215915347
4.690828945258092,0.93523316062175976,0.015492141334431145
4.7288328545093954,0.93606138107416947,0.015239404654251562
4.76683728418533,0.92076923076923067,0.016029230367269505
4.8048422384876588,0.95600000000000041,0.015762891549458796
4.8428477216186518,0.92598225602028017,0.015411621970420675
4.8808537377811145,0.94306930693069191,0.015164805516080808
4.91886029117838,0.95728395061728389,0.015486816573399219
4.956867386014312,1.0097799511002443,0.015835897227101464
4.9948750264933137,0.97208182912154029,0.015244368348604679
5.0328832168203288,0.9959232613908866,0.015232065722940205
5.0708919612008492,0.96915662650602363,0.015183591237910524
5.1089012638409166,0.98680800942285019,0.015618037009109817
5.1469111289471252,0.974038461538462,0.01514327683198253
5.1849215607266315,1.0025404157043876,0.014939425254575436
5.2229325633871513,1.0222988505747126,0.015205467304968886
5.2609441411369717,1.0220673635307786,0.015338047869193176
5.2989562981849474,0.995913734392734,0.014835201528348651
5.3369690387405111,0.99703196347031975,0.014985241170248315
5.3749823670136747,1.0391498881431784,0.014944506952894138
5.4129962872150355,1.0045248868778283,0.014889215731921148
5.4510108035557758,1.0312026002166834,0.014954385965745262
5.4890259202476752,1.022494432071269,0.014710294892675819
5.5270416415031054,1.0300326441784555,0.014911081912802646
5.5650579715350457,1.0323497267759565,0.015281017982633378
5.6030749145570722,1.0537117903930135,0.015163279943248597
5.6410924747833784,1.0596602972399136,0.015282200350682014
5.6791106564287661,1.0536324786324771,0.015280392460496657
5.71712946370866,1.0949999999999998,0.014920216058161519
5.7551489008391,1.0726114649681526,0.014814908725621646
5.7931689720367627,1.0855967078189301,0.014577140126797089
5.8311896815189472,1.0793750000000002,0.01506280255574415
5.86921103350359,1.1054429028815373,0.015416294944069884
5.9072330322092688,1.1247796278158688,0.014512788593137252
5.9452556818552047,1.1042487046632135,0.015360575306684143
5.9832789866612615,1.1280876494023904,0.015236114084440554
6.0213029508479625,1.1356557377049172,0.015127198523808517
6.0593275786364833,1.1268101761252447,0.014878590900027841
6.0973528742486591,1.1269155206286843,0.014967384640267872
6.1353788419069932,1.1389221556886222,0.014973386190663884
6.1734054858346576,1.1926070038910517,0.015191924223525688
6.2114328102554959,1.1548198636806228,0.015012824827425893
6.2494608193940291,1.165250236071764,0.014505183712424824
6.2874895174754633,1.1976424361493121,0.01511302326714113
6.3255189087256873,1.1807365439093493,0.014678121553477055
6.3635489973712822,1.1818181818181814,0.014833021218038318
6.4015797876395251,1.2103250478011467,0.015199261563294184
6.4396112837583894,1.2059479553903341,0.014756187042677147
6.4776434899565549,1.2162059103908498,0.015322765308170078
6.5156764104634046,1.2166965888689396,0.014806865063206616
6.5537100495090383,1.2327441860465129,0.015263752897465021
6.5917444113242718,1.2669699727024566,0.014939846731758018
6.6297795001406366,1.233941605839415,0.014887648214869412
6.6678153201903925,1.265582655826559,0.015050887515561688
6.7058518757065295,1.2721925133689878,0.015152039416325624
6.7438891709227686,1.2734222222222238,0.014772145961108559
6.7819272100735706,1.3082373782108065,0.015340436967810261
6.8199659973941342,1.2927743086529881,0.0152059059787065
6.8580055371204107,1.2989583333333325,0.01497339219944274
6.8960458334890964,1.2979020979020977,0.014757460974318314
6.9340868907376469,1.3176368375325811,0.015120284912463635
6.97212871310427,1.3424423569598638,0.01530157747706923
7.0101713048279493,1.3537275064267349,0.015266258262685607
7.0482146701484236,1.3551227773073649,0.015177682553384902
7.086258813306209,1.3790008467400492,0.015053409302608839
7.1243037385426,1.3948203842940687,0.01543610087349304
7.1623494500996694,1.4006705783738482,0.015348409586919144
7.2003959522202763,1.3823825503355693,0.015322292432150412
7.2384432491480695,1.3778506972928624,0.015076049124441637
7.2764913451274884,1.4230073952341822,0.015413255263518763
7.3145402444037755,1.4248772504091662,0.015160996264642543
7.3525899512229724,1.4467637540453062,0.015306451249689918
7.3906404698319257,1.4320647773279371,0.015105935374822988
7.4286918044782988,1.469991954947707,0.015188751922941448
7.4667439594105645,1.4765888978278365,0.015470784076024285
7.5047969388780222,1.5331240188383057,0.015576052392097585
7.542850747130788,1.523101518784971,0.015293920488063363
7.5809053884198088,1.5022816679779702,0.015559995303644663
7.6189608669968711,1.565129007036749,0.015687955212582455
7.6570171871145867,1.5321316614420066,0.015364099764090039
7.6950743530264187,1.5613496932515332,0.015337806743673422
7.73313236898667,1.5920930232558148,0.015395746967849091
7.7711912392504967,1.5838167938931278,0.015474169299386938
7.80925096807391,1.6097750193948819,0.016014863206386776
7.8473115597137779,1.6334578043315913,0.015516017648855063
7.8853730184278321,1.6414373088685015,0.0156949570891209
7.9234353484746745,1.6599256505576194,0.015577228453600342
7.9614985541137751,1.6787696924231053,0.016111401938150097
7.9995626396054851,1.6747565543071141,0.016111661314763534
8.037627609211027,1.6788815305371594,0.015558346884152216
8.0756934671925222,1.7138576779026227,0.016159996233431759
8.11376021781297,1.725072046109513,0.015650431615987843
8.1518278653362728,1.7493763756419649,0.016033458416577849
8.189896414027217,1.7618497109826594,0.015683685192652435
8.22796586815151,1.7871720116618079,0.016120564106206464
8.266036231975761,1.8030064423765209,0.016471940995837174
8.3041075097674746,1.830957523398127,0.01625316817833395
8.3421797057950879,1.835227272727274,0.015976167442048272
8.380252824327961,1.8284098939929314,0.015948261313359587
8.4183268696363651,1.8815078236130849,0.016339589581685236
8.45640184599151,1.9013203613620555,0.016001741810546154
8.49447775766553,1.8941425546930117,0.01630097727508216
8.53255460893151,1.9209944751381214,0.01639753503100223
8.5706324040634687,1.9465277777777765,0.016589520528273994
8.6087111473363684,1.9690834473324212,0.016345608878228644
8.6467908430261353,1.9831724137931035,0.016736611061431768
8.684871495409638,2.0014976174268191,0.016345584637437773
8.7229531087647079,2.0110885733603814,0.016619386903420824
8.7610356873701445,2.0270380434782647,0.016778928638113661
8.7991192355057155,2.0386792452830171,0.016747147200545279
8.837203757452162,2.0802124833997344,0.016490206203416825
8.8752892574911968,2.0744809109176141,0.016437638046524466
8.91337573990552,2.1491005996002661,0.016646766497907254
8.95146320897882,2.13095238095238,0.016333970486832921
8.98955166899577,2.1674054758800505,0.016857892916525976
9.0276411242420451,2.2180977542932654,0.016893879600803328
9.0657315790043143,2.232903225806453,0.016828942909728365
9.1038230375702565,2.2365758754863845,0.016921969776334971
9.1419155042285531,2.2673969072164941,0.016869388550287755
9.1800089832689071,2.2990378447722848,0.017260253137508775
9.2181034789820266,2.3056237879767307,0.017516941471433994
9.2561989956596555,2.39006913890635,0.017232880359263483
9.2942955375945537,2.3788732394366185,0.017389312392218186
9.33239310908052,2.380946372239745,0.01728614517797681
9.3704917144123776,2.4203026481715018,0.017243689616469576
9.4085913578860048,2.4158317872603576,0.0172250015489066
9.4466920437983131,2.4490805326569411,0.017643912289215261
9.4847937764472636,2.5178816199376963,0.017330506744722762
9.5228965601318745,2.5641772151898725,0.017680105316954041
9.5610003991522223,2.6021808851828068,0.017878030530953957
9.5991052978094462,2.6450255102040781,0.018276329902195285
9.6372112604057438,2.672528883183567,0.018098079801041091
9.6753182912443911,2.7060333761232411,0.018500386033688209
9.7134263946297441,2.77512886597938,0.018730837446367287
9.7515355748672246,2.7737491877842748,0.018777415766488007
9.78964583626336,2.7938024531956107,0.018413571723896058
9.8277571831257475,2.8138242894056806,0.018550965104950023
9.8658696197630871,2.8878807517822369,0.018769509759901642
9.9039831504851783,2.8718120805369129,0.019242911073779779
9.9420977796029213,2.9348899266177431,0.019512067851628494
9.9802135114283157,2.9398907103825143,0.019824047225477971
10.018330350274489,2.9632342778161735,0.019721730445677481
10.056448300455676,3.0227936066712995,0.020283776123628
10.094567366287233,3.0671798460461881,0.020271699433852989
10.132687552085633,3.0636298932384345,0.020506374416256534
10.170808862168498,3.1033215547703206,0.020564763873349021
10.208931300854569,3.1580071174377258,0.020898377668661289
10.247054872463734,3.1910791366906515,0.021068453108161217
10.285179581317017,3.2444126074498558,0.021243814650912483
10.3233054317366,3.2108616944243282,0.021360227760195406
10.361432428045806,3.2400290065264672,0.021192637514265769
10.399560574569128,3.3545922116091078,0.022135001106186387
10.437689875632211,3.3592458303118207,0.021290671872230878
10.475820335561869,3.3983763837638379,0.021538691968145191
10.513951958686086,3.4201470588235265,0.021664864400244191
10.552084749334028,3.4340014847809983,0.022245963831124611
10.590218711836028,3.5254086181277895,0.022257036076350541
10.62835385052362,3.5085629188384284,0.022211355786260451
10.666490169729512,3.5360421369450741,0.022510572312492972
10.704627673787614,3.5474943904263223,0.022356620239781959
10.742766367033031,3.6129129129129138,0.023237888435018738
10.780906253802076,3.6432473444612956,0.022788047541842951
10.819047338432261,3.685260770975062,0.02339767862113018
10.857189625262318,3.7628912071535083,0.023308037394363445
10.895333118632189,3.7897631779984731,0.023740532905210287
10.933477822883043,3.8308868501528983,0.023447402747463406
10.971623742357266,3.8722433460076018,0.023637104689982064
11.009770881398493,3.8690130068859965,0.024198319418935119
11.047919244351574,3.8910644910644812,0.024429972040231056
11.086068835562605,3.9575896262395172,0.023980072651616655
11.124219659378932,3.9652040030792919,0.024210656110326269
11.162371720149141,4.0137984496123984,0.024855087488803523
11.200525022223079,4.0587962962962925,0.024422484758396736
11.23867956995185,4.0502715283165243,0.024731445386237363
11.276835367687816,4.113731343283586,0.024378210985675452
11.314992419784607,4.1585438335809792,0.024093096383624363
11.353150730597132,4.1658218682114478,0.023885412383053112
11.391310304481571,4.1685962373371908,0.023754447197913805
11.429471145795384,4.2934579439252341,0.024546867088745743
11.467633258897321,4.2915351506456281,0.024583796117804653
11.50579664814742,4.3285613040396944,0.024048395117646847
11.543961317907014,4.348873239436621,0.02408821320631983
11.582127272538738,4.3493370551290917,0.024261846438440021
11.620294516406533,4.4234965034965112,0.024672930192378033
11.658463053875645,4.4743252595155738,0.024225407487417402
11.696632889312633,4.5117849758787036,0.024420901948738631
11.73480402708538,4.5406896551724074,0.024390793764284175
11.772976471563087,4.55652768284347,0.024032949266958769
11.811150227116292,4.6116610169491512,0.024725043566670279
11.849325298116852,4.650847457627119,0.024952836868713135
11.887501688937975,4.6894989704873034,0.025008095120167669
11.925679403954195,4.7030262273032948,0.024618827036766724
11.96385844754141,4.7635016835016781,0.025072941691859404
12.002038824076859,4.77819905213271,0.02527847623912588
12.04022053793914,4.8040951122853386,0.024751821552978837
12.078403593508209,4.7999999999999963,0.024980992643708021
12.116587995165395,4.8790172642762268,0.025259997493186775
12.154773747293387,4.894024950755103,0.024957492956215469
12.192960854276256,4.9191264063534135,0.025515115601426809
12.231149320499449,4.9400000000000048,0.025230484400799523
12.269339150349806,4.9928057553956808,0.025395440067540579
12.30753034821554,4.9706614276358891,0.025113728619008548
12.345722918486274,5.0623056994818656,0.025151724884751897
12.383916865553019,5.1300325732899061,0.025642772944109903
12.422112193808196,5.0711426726920639,0.025155839753987875
12.460308907645629,5.1354504212572989,0.025550787589271096
12.498507011460557,5.1674775928297079,0.025652011169720868
12.53670650964964,5.2254357650096805,0.025756045899994865
12.574907406610954,5.1886816720257265,0.025611169645850015
12.613109706744,5.217986067131096,0.025540783931435308
12.651313414449726,5.2476129853596509,0.025399191768903127
12.689518534130507,5.2924936386768389,0.025856411604637714
12.72772507019015,5.3292543021032541,0.025491395666016565
12.765933027033922,5.3347117794486216,0.025216787963298563
12.804142409068538,5.3686746987951848,0.025580407373631483
12.842353220702162,5.4521847690387037,0.026046348770415603
12.88056546634443,5.3918781725888305,0.025688175736036989
12.918779150406433,5.3954489544895372,0.025576567110350973
12.95699427730074,5.4689001264222536,0.026107036471339055
12.995210851441389,5.57341463414633,0.025841719516681207
13.033428877243898,5.5148564294631752,0.025698907000485532
13.071648359125279,5.5089790897908868,0.025595341292204057
13.109869301504016,5.5869158878504761,0.025880932980442604
13.148091708800106,5.6262836185818994,0.025789406070831074
13.186315585435032,5.5864781807006674,0.025933229506585494
13.224540935831783,5.677723378212967,0.026379473765965951
13.262767764414866,5.6410539215686253,0.026292834323714844
13.300996075610291,5.6857666463042129,0.026253494549343587
13.33922587384559,5.7249088699878445,0.026257956829730294
13.377457163549819,5.7347087378640769,0.025949598853325373
13.415689949153561,5.7673965936739737,0.026278921059159844
13.453924235088932,5.7868357487922735,0.02618141892651666
13.492160025789586,5.8331339712918675,0.026326933264686943
13.530397325690723,5.8178997613365127,0.026051515962198079
13.568636139229087,5.8766686355581887,0.026209932347706771
13.606876470842968,5.8403119376124693,0.026198485229002397
13.645118324972232,5.8709411764705877,0.025855065829847444
13.683361706058289,5.910633213859029,0.026288285791832452
13.721606618544124,5.9517200474495766,0.026201533346514389
13.759853066874292,5.9486725663716769,0.026429888315201367
13.798101055494921,5.9637115839243444,0.026065370941285994
13.836350588853737,5.9474056603773535,0.026231515470524852
13.874601671400033,5.9642940490081635,0.026325975232862561
13.912854307584704,5.9902728351126751,0.026299630635200542
13.951108501860237,6.0528497409326283,0.026329562987663459
13.989364258680727,6.0207961972667805,0.026801930492432586
14.027621582501867,6.056380510440837,0.026377638110979131
14.065880477780965,6.0831797235022949,0.026367265646206575
14.10414094897695,6.1197481396680118,0.026221744524433578
14.142403000550365,6.1060185185185345,0.026753391481479854
14.180666636963382,6.1067961165048468,0.026230943518909845
14.218931862679806,6.1727220630372441,0.026799517461568959
14.257198682165075,6.1693818601964159,0.026205591142686696
14.295467099886269,6.1506522972206534,0.026096080947602875
14.333737120312115,6.1795105293113179,0.026532983086355776
14.372008747912988,6.1836197021763972,0.026134291107999245
14.410281987160918,6.176844494892169,0.026156493987010455
14.448556842529607,6.2307779030439816,0.026004989647829827
14.486833318494408,6.2023742227247007,0.026328248291712743
14.52511141953236,6.2563316297558176,0.026363225137912002
14.563391150122156,6.2462401795735092,0.02631940106241755
14.601672514744195,6.2637472283813729,0.026018871547198067
14.639955517880543,6.2730726256983163,0.0257960251108502
14.67824016401496,6.2909695290858618,0.026393644855577738
14.716526457632918,6.3078563411896784,0.026257229869476928
14.754814403221573,6.338165842943436,0.02610323330053883
14.793104005269784,6.3153889199776119,0.026107708224865522
14.831395268268137,6.2614872364039957,0.025868251937119079
14.869688196708921,6.3598033861277994,0.026075542891199684
14.907982795086149,6.2796866256295552,0.026571376389032973
14.946279067895567,6.3625068119891033,0.026115883380786003
14.984577019634639,6.3803097345132773,0.026485105499088182
15.022876654802575,6.3305149051490588,0.026335217344159084
15.061177977900329,6.3601528384279424,0.025986087423350169
15.099480993430587,6.3820430107526906,0.02651230034537598
15.137785705897809,6.3814455231930944,0.026314502942751328
15.17609211980818,6.3482327351821644,0.026357159304933285
15.214400239669679,6.3882037533511973,0.025801194062444181
15.25271006999203,6.3894225580140285,0.026201964331967108
15.291021615286729,6.408972972972963,0.026571842607849658
15.329334880067064,6.3491759702285968,0.025767874413761414
15.367649868848098,6.3592853275581849,0.025724046666632333
15.40596658614667,6.3802680965147527,0.026012270716562313
15.444285036481427,6.4126068376068339,0.026118572066236044
15.482605224372799,6.3919181034482806,0.026133520626617737
15.520927154343028,6.3920833333333338,0.025482645749117204
15.559250830916168,6.4456084656084638,0.025953338277679473
15.597576258618066,6.3763598326359743,0.025640100280399911
15.635903441976405,6.4106416275430336,0.025649723329703927
15.674232385520687,6.3932275132275151,0.025762360616717269
15.712563093782236,6.4095039164490961,0.025799515666455577
15.750895571294214,6.3907563025210106,0.025572607893726153
15.78922982259162,6.4174369747899265,0.026184554034679612
15.827565852211292,6.392355371900833,0.025358361464041291
15.865903664691929,6.3305483028720539,0.025612073211950082
15.904243264574069,6.3652577319587644,0.025389201289928453
15.942584656400117,6.3730150492994406,0.025442949197489562
15.980927844714344,6.3119096509240391,0.025145097530576321
16.019272834062885,6.36342975206612,0.025293150965412955
16.057619628993756,6.3552147239263741,0.025582200898400222
16.095968234056837,6.350799381124296,0.025254965542434869
16.134318653803913,6.2957317073170609,0.025462641232842441
16.172670892788652,6.3356628982528447,0.025600241012925455
16.211024955566607,6.3235353535353669,0.024951641832957366
16.249380846695249,6.3426246185147432,0.025129632787752341
16.287738570733946,6.2526794742163823,0.025006836154002832
16.326098132243974,6.3055724417426573,0.025110504014982233
16.364459535788523,6.2926952141057946,0.024935246609675495
16.402822785932724,6.2905358037055636,0.02507858431149125
16.441187887243608,6.2974563591022461,0.024780150982934856
16.479554844290156,6.2162487462387013,0.025037484134597762
16.517923661643277,6.2110220440881916,0.024843335050280548
16.556294343875837,6.2352823588205784,0.024576631953120265
16.594666895562629,6.2382999999999944,0.024804535875520815
16.633041321280416,6.1854581673306805,0.024379613730039749
16.671417625607909,6.1813492063492088,0.024464072496142117
16.709795813125787,6.168385214007774,0.024398605336080882
16.7481758884167,6.179251870324201,0.024759463109864138
16.786557856065272,6.1603313840155831,0.024635647711825415
16.8249417206581,6.109842519685027,0.024334124635976589
16.863327486783771,6.119806763285017,0.024325866180030669
16.901715159032864,6.112833168805536,0.024600466803257892
16.940104741997956,6.1150658215504645,0.024027113792330693
16.978496240273614,6.1190406265296131,0.024666009885176577
17.016889658456421,6.0873786407766932,0.023946558151028949
17.055285001144966,6.0505802707930467,0.023945497664888182
17.093682272939859,6.011577424023149,0.023962342898253344
17.132081478443723,6.01902912621359,0.02419200460899433
17.170482622261233,6.0437200383509051,0.023767897703956993
17.208885708999063,6.0208770257387947,0.023945109186147392
17.247290743265953,5.90934355534261,0.023829941340482788
17.285697729672673,5.9334611697027757,0.02398906185981424
17.324106672832045,5.9512218495448037,0.023596216743976221
17.362517577358954,5.8761724301279017,0.0233815654095948
17.400930447870326,5.8934792955735373,0.02353120104188294
17.439345288985166,5.87666980244591,0.023372549032593132
17.477762105324555,5.82614503816792,0.023338883222585909
17.516180901511639,5.8556603773584968,0.023476259187975797
17.554601682171647,5.79934426229509,0.02293781594043711
17.5930244519319,5.8108920187793371,0.023293009810325841
17.631449215421803,5.8235404016814574,0.023129046787010128
17.669875977272877,5.7842990654205524,0.023204404875474535
17.708304742118727,5.754017649790983,0.023244115246689987
17.746735514595066,5.71682983682984,0.023379291021952516
17.785168299339748,5.7598326359832575,0.02303465965428414
17.823603100992713,5.7176854876341636,0.023171920874248946
17.862039924196054,5.7034835113794626,0.022959578940307149
17.900478773593978,5.6737855178735179,0.022597343306725783
17.938919653832823,5.6507407407407335,0.022863340500029777
17.977362569561091,10.30357470210817,1.7359537836840544
18.015807525429413,5.6113051470588324,0.022402632430695003
18.054254526090585,5.6020758122743644,0.022315974342148891
18.092703576199543,5.5898722627737216,0.022702757818921056
18.13115468041341,5.56722957553628,0.022418641106878773
18.169607843391461,5.5546382189239374,0.022255525800362396
18.208063069795156,5.5344713134186838,0.022681627137340364
18.246520364288127,5.5298145506419374,0.022652106647939027
18.2849797315362,5.47364864864865,0.022771127482101125
18.323441176207385,5.536984973339778,0.022884230924006696
18.361904702971891,5.5091532060695032,0.023116964180916494
18.400370316502141,5.478077488965174,0.023089612371423932
18.438838021472744,5.427133695115943,0.022920510686364807
18.477307822560547,5.4406947890818795,0.022971932249204931
18.5157797244446,5.4402962962962969,0.023084082538324596
18.554253731806178,5.423388305847074,0.023002190481731296
18.592729849328798,5.3860511791269339,0.022772433631117486
18.631208081698205,5.329417670682723,0.023022747325306979
18.669688433602385,5.3521341463414718,0.022762639680386717
18.708170909731578,5.3102020202020173,0.023075115890717961
18.746655514778276,5.308290685772775,0.023229656067524893
18.785142253437211,5.2773143438453571,0.022779095825393263
18.82363113040541,5.2484631147540828,0.023209059273125575
18.862122150382149,5.2658266129032247,0.023212422989325784
18.90061531806899,5.2403679100664231,0.022559563451853802
18.939110638169758,5.2251798561150995,0.022611767692179527
18.977608115390595,5.1697470314919869,0.022887950384781516
19.016107754439911,5.196471198754538,0.022964782294827617
19.054609560028428,5.2299586776859464,0.022927950427337428
19.093113536869158,5.1798117154811756,0.023088856948928125
19.131619689677443,5.1505431971029374,0.022810465478329642
19.170128023170918,5.1711180124223626,0.023142608575776227
19.208638542069554,5.1344432882414237,0.022866908995537942
19.247151251095644,5.08633540372671,0.022701629690107784
19.285666154973821,5.0598416886543554,0.023243091360849549
19.324183258431038,5.0841336116910245,0.02286227003980458
19.362702566196617,5.0569028871391009,0.022696963264176827
19.401224083002205,5.0771762208067956,0.022954496558168
19.439747813581825,4.9892004153686313,0.022727440846451036
19.478273762671844,4.9847466666666778,0.02283501405006504
19.51680193501101,4.966213389121334,0.022155863642100513
19.555332335340434,5.0037837837837937,0.022901957007424156
19.593864968403622,4.9681159420289935,0.023189343733710805
19.632399838946437,5.0186651583710438,0.023442779079990112
19.670936951717156,4.9448873483535545,0.023754251257011277
19.709476311466442,4.9404279930595774,0.023367825441206667
19.748017922947362,4.899040767386091,0.023739947412336638
19.786561790915396,4.8442857142857134,0.023410041549546068
19.825107920128421,4.8411091018685957,0.023793113579346149
19.863656315346752,4.844993819530278,0.024135822326140068
19.902206981333112,4.8326258338386952,0.024201573745781853
19.940759922852681,4.8115170278637764,0.024108246020629196
19.979315144673048,4.8067881835323689,0.024161284433213925
20.017872651564257,4.8217336683417011,0.0241117681684271
20.056432448298796,4.7974243399871241,0.02436705738193019
20.094994539651623,4.7722721437740754,0.024702914447748966
20.133558930400131,4.7207571801566548,0.025187196672808904
20.172125625324203,4.7500974658869444,0.024314173895980815
20.210694629206181,4.7009020618556647,0.024382928073183555
20.249265946830889,4.7319999999999931,0.025012174813256224
20.28783958298563,4.6779594506213158,0.02450672898796975
20.326415542460207,4.671156462585027,0.024972565816393722
20.36499383004691,4.6709126723571854,0.024661033468773592
20.403574450540539,4.66630508474576,0.024145874785882687
20.442157408738385,4.6672566371681485,0.024509303216860467
20.480742709440278,4.6121786197564214,0.024269500672971445
20.519330357448549,4.6313593539703941,0.024216575063804178
20.557920357568058,4.5675378266850153,0.024565572645614389
20.596512714606202,4.5599190283400883,0.024251917070900256
20.635107433372912,4.5294934073560045,0.024475734625173329
20.673704518680662,4.5355677154582814,0.02425799877224559
20.712303975344469,4.4882720333102,0.024686540317619379
20.750905808181933,4.4882882882882909,0.024864146358781959
20.789510022013175,4.4493131868131934,0.024135401082984745
20.828116621660921,4.4614195361911433,0.0245072188192742
20.866725611950443,4.4712830957230176,0.0242561165770888
20.905336997709611,4.3907756813417187,0.024480572977083209
20.943950783768869,4.376454099509453,0.024635260033883489
20.982566974961266,4.3629268292682912,0.024189115971275
21.021185576122434,4.3981651376146793,0.024577779735076223
21.05980659209062,4.3272340425531954,0.024611053176036183
21.098430027706673,4.2970283344851365,0.023463124647686951
21.137055887814068,4.3085348506401147,0.024177892701363234
21.175684177258894,4.2361851332398333,0.024140947350837039
21.214314900889875,4.2447462473195117,0.024038419396217852
21.25294806355836,4.2661406025824968,0.024534974419633513
21.291583670118353,4.1992892679459839,0.024492738182428361
21.33022172542649,4.1941605839416027,0.024309089981312305
21.36886223434206,4.1789247311827982,0.023856432657020931
21.407505201727034,4.158718861209973,0.024135775980320406
21.446150632446024,4.168882395909419,0.024334522306339579
21.484798531366319,4.1290092658588682,0.024454157123559851
21.523448903357895,4.0623376623376641,0.023884834325258581
21.562101753293394,4.0571845368344288,0.024404980978250258
21.600757086048173,4.0621582733812929,0.023707846909245052
21.63941490650026,4.0362573099415178,0.024701546024063631
21.678075219530395,4.02620590352772,0.023598521606244358
21.716738030022039,3.9575714285714296,0.023424651239971235
21.755403342861349,3.9593269934162443,0.023828311595565352
21.794071162937222,3.9306704707560609,0.023411453558471684
21.832741495141256,3.8999270605397514,0.0236479134222747
21.87141434436781,3.8513415518491669,0.023443752290550152
21.910089715513966,3.8657689581856816,0.023291687164429257
21.948767613479557,3.8356321839080483,0.023245909846972109
21.98744804316717,3.8224272533711816,0.022999193518052047
22.026131009482153,3.7940340909090988,0.023181060941843492
22.064816517332609,3.7655172413793125,0.023251237506435186
22.103504571629426,3.7265858873841733,0.02318711559065214
22.142195177286251,3.7409510290986483,0.022426579573207886
22.180888339219543,3.7138769670958505,0.022880228667714254
22.219584062348517,3.7105520614954552,0.022755104949192782
22.258282351595216,3.6724719101123586,0.022153199901493257
22.296983211884463,3.6198581560283629,0.022747722530794393
22.335686648143902,3.5634683724235989,0.022471499838404175
22.374392665303997,3.5856630824372786,0.022129068251268518
22.413101268298021,3.5281760113555758,0.022024073137825634
22.451812462062083,3.5760945100764374,0.022187443289352713
22.490526251535126,3.5156695156695132,0.022214002424558992
22.529242641658932,3.4831076265146135,0.022013735973461526
22.56796163737814,3.4687323943661976,0.02186049799852471
22.606683243640223,3.377540867093102,0.02190115952071657
22.645407465395536,3.4246418338108864,0.021685594814407547
22.684134307597294,3.4122448979591913,0.022047304425130018
22.722863775201578,3.341051136363637,0.021574782778442592
22.761595873167362,3.3479374110953088,0.021599149810642745
22.800330606456484,3.3233922261484108,0.0216252107426638
22.839067980033711,3.3008559201141261,0.021717069596559269
22.877807998866668,3.2498921639108564,0.021302472853830173
22.916550667925915,3.2331672597864731,0.021008380705748373
22.955295992184919,3.2051893408134595,0.021111139351848721
22.994043976620056,3.2091428571428584,0.020982256838596156
23.032794626210638,3.17249283667622,0.021257095432020451
23.0715479459389,3.1230440967283131,0.020742301591147087
23.110303940790018,3.0844827586206898,0.020657202357731042
23.149062615752122,3.1222300635144653,0.020707452858980239
23.187823975816276,3.0202406227883936,0.020663796980309082
23.226588025976518,3.0662832494608212,0.020705028350878646
23.265354771229845,3.0198713366690528,0.020678007596740447
23.304124216576231,2.9910828025477718,0.020489514429477555
23.342896367018611,2.9704989154012993,0.020728166493814607
23.381671227562919,2.9514245014245009,0.020209855100818443
23.420448803218079,2.9079745942131265,0.0199394518187231
23.459229098996012,2.8982130092923537,0.020299711054979578
23.498012119911643,2.8686288585786039,0.02020585660465558
23.536797870982898,2.8604717655468188,0.020151170891406302
23.575586357230733,2.8221258134490266,0.020124104609424879
23.614377583679129,2.7714487632508806,0.019510420795613805
23.653171555355094,2.7833333333333323,0.020018426832438048
23.691968277288669,2.7728113879003553,0.019708492213792426
23.730767754512943,2.7104499274310609,0.019658013823995742
23.76956999206406,2.7149606299212596,0.019460027189389075
23.808374994981218,2.6800000000000015,0.019005369810468097
23.847182768306677,2.6592383638928045,0.018917218308240405
23.885993317085784,2.6886478669558933,0.019316280248806873
23.924806646366935,2.6428165007112381,0.018996567890280241
23.963622761201645,2.6078683834048615,0.019304295042555639
24.002441666644483,2.5728070175438598,0.019348574280778737
24.041263367753153,2.5563202247191,0.019173791876211058
24.080087869588436,2.5585815602836908,0.018803557213867145
24.118915177214241,2.5123088128186413,0.018935514561501995
24.157745295697595,2.4921985815602832,0.018788303598115612
24.196578230108642,2.4594982078853076,0.018929889597829666
24.235413985520662,2.4739766081871339,0.018706024659768505
24.274252567010077,2.4544055944055949,0.018540834155320981
24.31309397965645,2.4329545454545443,0.018406536982636928
24.3519382285425,2.3920058139534919,0.018465309862935809
24.390785318754123,2.4036101083032535,0.018606037294541286
24.429635255380333,2.3827389443651903,0.01828357470547751
24.468488043513378,2.3203664552501753,0.01797717127118122
24.507343688248639,2.3623188405797118,0.018352084127107818
24.54620219468471,2.3333809864188737,0.0180907017284699
24.585063567923374,2.3401574803149607,0.018046322125257946
24.623927813069606,2.2920405209840857,0.018293497737001375
24.6627949352316,2.281658468025296,0.017957465456869087
24.701664939520768,2.2414825374198166,0.017434483629912623
24.740537831051721,2.2603473227206936,0.017960172854983338
24.779413614942335,2.2210752688172026,0.017725962180640729
24.818292296313686,2.2184040258806608,0.017538979936134444
24.857173880290119,2.200992204110559,0.017458051580668627
24.896058371999214,2.1541100786275909,0.017353216404811325
24.934945776571819,2.1521551724137944,0.017324690957294282
24.973836099142034,2.1380607814761245,0.017678983789165222
25.012729344847248,2.1463799283154135,0.017552333990513497
25.051625518828093,2.0966831333803779,0.017193717209526321
25.090524626228543,2.1113490364025695,0.017454410840432311
25.129426672195798,2.0766690595836357,0.01704889105980148
25.168331661880416,2.0908563134978215,0.017393550373381188
25.207239600436218,2.0654753395282355,0.016975772156042512
25.246150493020359,2.0436619718309839,0.017036141378633934
25.28506434479333,2.0135714285714292,0.01691093113452757
25.323981160918905,2.0378223495701993,0.016817800104102203
25.362900946564242,2.009682080924855,0.016766431282450832
25.401823706899798,1.980857142857144,0.016714590961803624
25.440749447099417,1.9805259417199719,0.01681238138503325
25.479678172340272,1.9822730521801297,0.01663986793647056
25.51860988780291,1.9669764117226611,0.01633336878410124
25.55754459867126,1.9484240687679102,0.016618911174785075
25.5964823101326,1.9199146514936003,0.016484455130710177
25.635423027377623,1.9408410548823944,0.0165498135781699
25.674366755600396,1.9348637015781898,0.016543512545652304
25.713313499998392,1.8990014265335253,0.016203248231933694
25.752263265772491,1.8977617328519873,0.016395774958331475
25.791216058126981,1.9234880450070331,0.0163525927215832
25.830171882269589,1.8984330484330478,0.016368444973804405
25.869130743411439,1.884549356223171,0.016438073286003121
25.908092646767134,1.8712230215827321,0.016329509017681852
25.947057597554679,1.829561527581328,0.015886982836887088
25.986025600995553,1.8327402135231317,0.016101148096430117
26.024996662314681,1.8251428571428587,0.015973511236559414
26.063970786740466,1.8369362920544039,0.01642427785779849
26.102947979504769,1.8253561253561261,0.015952190015660155
26.141928245842944,1.8158080451658412,0.015616594479518671
26.180911590993833,1.8050035739814165,0.016083710567317812
26.219898020199754,1.8210903873744684,0.016117790351412271
26.258887538706549,1.7981455064194012,0.015810728676173929
26.29788015176355,1.7845718329794762,0.015673590277499153
26.336875864623636,1.7688034188034185,0.015872487546387287
26.375874682543159,1.7580071174377205,0.015692618627996931
26.414876610782059,1.7576319543509269,0.015651614819337224
26.453881654603784,1.7668789808917191,0.015895390656992962
26.492889819275334,1.7534090909090911,0.015776000732818832
26.531901110067263,1.7438346400570213,0.015703346547412584
26.570915532253686,1.7181753385602296,0.015626485742270012
26.609933091112293,1.7303977272727271,0.015595918183868929
26.648953791924342,1.7083215796897029,0.015368912679710254
26.68797763997469,1.7347083926031268,0.015455308227596498
26.727004640551762,1.701988636363639,0.015385234260115632
26.7660347989476,1.7267806267806238,0.015774383611360448
26.805068120457864,1.7001406469760911,0.015386547770663674
26.844104610381788,1.6822603719599436,0.015345973544018128
26.883144274022278,1.6807665010645869,0.015244682691962176
26.922187116685823,1.6743223965763168,0.015437241604340349
26.961233143682588,1.6947075208913673,0.015594221845534984
27.000282360326356,1.6875621890547259,0.01575871037432346
27.03933477193457,1.6641080312722116,0.015366940872923221
27.078390383828353,1.6569992821249084,0.015415772097005578
27.117449201332459,1.6759776536312829,0.015089940297445051
27.156511229775347,1.6916019760056447,0.015273174752145692
27.195576474489148,1.7163250883392216,0.015646968692447916
27.234644940809691,1.7774768353528181,0.015994399573800732
27.273716634076482,1.7936930623686063,0.015739132278661437
27.312791559632768,1.8569808646350123,0.015976190280488013
27.351869722825469,1.8916901408450668,0.016279338491897732
27.390951129005273,1.932715609408411,0.016442024144403215
27.430035783526556,1.9175487465181054,0.016353193226926306
27.469123691747455,1.9590684544812973,0.016730686532342685
27.508214859029849,1.9048502139800256,0.016230541498959781
27.54730929073936,1.8715297450424939,0.016051352479669191
27.586406992245383,1.7812630117973631,0.015371544087673479
27.625507968921074,1.7813464235624121,0.01578883868579643
27.664612226143365,1.7353693181818193,0.015616281141788525
27.703719769292981,1.6855507868383384,0.015443356518125381
27.742830603754427,1.6585704371963905,0.015089177499853734
27.781944734916028,1.6254057868736764,0.015175690278721871
27.821062168169881,1.6251748251748248,0.01492773601580567
27.860182908911938,1.6000000000000021,0.014921726424431859
27.899306962541942,1.5935843793584363,0.014661609011921345
27.938434334463508,1.595871886120998,0.014901813880850259
27.977565030084033,1.6075017692852072,0.014793086633611724
28.016699054814815,1.6030598052851188,0.015157711233873182
28.055836414070992,1.5952679192762704,0.01477460629808142
28.094977113271543,1.5665024630541873,0.014779665500020273
28.134121157839356,1.5835211267605633,0.014827915897492888
28.173268553201154,1.5836706210746674,0.014915759674616945
28.212419304787591,1.5680000000000023,0.014581976589045084
28.251573418033193,1.5770260747004912,0.014925465196382898
28.290730898376388,1.5483098591549314,0.01463975939175916
28.329891751259531,1.5771192281185356,0.014632702442001612
28.369055982128881,1.5812718378756103,0.014977092059552033
28.408223596434635,1.5471458773784343,0.014670402041876531
28.447394599630922,1.5976421636615834,0.014691659023610167
28.486568997175812,1.5471777003484342,0.014619538087923966
28.52574679453134,1.5403214535290006,0.014597646174475483
28.564927997163473,1.5702702702702684,0.014898007659495931
28.604112610542188,1.5949694085655997,0.014611954629642853
28.643300640141405,1.5718073970690871,0.014671176581736655
28.682492091439048,1.5709923664122147,0.014629941470000222
