# 1D Dataset
# Length: 748
# X, Y [, YError]
# Units: X [°], Y [cts]
0.018985906935894994,2.2,0.27386127875258304
0.056957722892410224,8.7142857142857135,0.5170560305958245
0.094929545103103266,10.342857142857143,0.28499910490371433
0.13290137773743285,16.347368421052632,0.409783403364668
0.170873224964868,15.579310344827586,0.28854466926168321
0.20884509095489218,16.179999999999996,0.213801569477661
0.24681697987700743,21.348717948717951,0.24785735330450404
0.2847888959007383,14.408888888888891,0.17984904506931829
0.32276084319563647,16.139999999999997,0.20109699152399077
0.36073282593128403,10.903225806451612,0.151870063307527
0.39870484827729841,9.1050847457627118,0.1703200090621447
0.43667691440333628,6.5486486486486486,0.1157438546235884
0.47464902847909735,7.3636363636363633,0.13500248306406312
0.51262119467432865,10.151219512195125,0.12281402102230378
0.550593417158829,2.0561797752808983,0.064974527167644763
0.58856570010245279,2.4709677419354845,0.0744036296430374
0.6265380476751139,9.89158878504673,0.12804079400600488
0.66451046404679037,8.5047619047619083,0.11751007097285471
0.7024829533875282,5.30086956521739,0.08781317167198
0.74045551986744529,3.6218487394957992,0.068320929829169222
0.77842816765673584,2.842857142857143,0.060909790013809181
0.81640090092567474,2.2861313868613138,0.049419885780469359
0.85437372384462118,1.9924812030075183,0.051590125709499078
0.89234664058402269,1.7608108108108109,0.043084590721432059
0.93031965531441985,1.3771812080536907,0.0431726766069138
0.96829277220644983,1.2099378881987575,0.037298123716776217
1.0062659954308515,1.1411042944785275,0.035688440668095671
1.0442393291584673,1.1204819277108431,0.036583678194431271
1.0822127775602506,1.0644444444444441,0.03380225721150279
1.1201863448072669,1.048314606741573,0.033179377663445836
1.1581600350707,1.0513089005235603,0.032121176230739207
1.1961338525218552,1.0436170212765952,0.032258785532034692
1.2341078013321625,1.053731343283582,0.032073157136887957
1.2720818856731833,0.96111111111111114,0.02871863410976078
1.3100561097166115,0.999038461538462,0.031526146751451926
1.3480304776342806,1.0018099547511321,0.029394356142826636
1.3860049935981651,1.0080357142857139,0.030179363894920652
1.4239796617803864,1.0340611353711793,0.028434621128558442
1.4619544863532157,0.90285714285714291,0.027580483112695755
1.4999294714890805,0.96153846153846145,0.028845362445617452
1.5379046213605652,0.89575289575289541,0.025288838446042957
1.575879940140418,0.88959999999999984,0.025867353942759581
1.6138554320015539,0.90339622641509432,0.027175051905492579
1.6518311011170592,0.833088235294118,0.024497545954349529
1.689806951660195,0.85259259259259235,0.025196076076585104
1.7277829878044026,0.83263888888888926,0.023814483610392016
1.7657592137233058,0.88417266187050314,0.025954178428125821
1.8037356335907171,0.89205298013245027,0.023758133926691523
1.8417122515806394,0.85150501672240786,0.023151930835955563
1.8796890718672736,0.8344370860927155,0.023776586849028131
1.9176660986250182,0.84767801857585157,0.022230740645221354
1.9556433360284782,0.84645161290322568,0.022339728636362306
1.993620788252465,0.83554216867469877,0.021803567555245609
2.0315984594720042,0.85030674846625709,0.022356892218759025
2.069576353862336,0.80641399416909576,0.021929935357541102
2.1075544755989242,0.826011560693641,0.0217935173659062
2.1455328288574536,0.83815028901734168,0.021988123238855774
2.1835114178138415,0.8049999999999996,0.021056215175830253
2.2214902466442363,0.84157303370786474,0.021469937409012776
2.2594693195250253,0.84550264550264509,0.020722916431286931
2.2974486406328349,0.83606557377049229,0.021142668985959675
2.3354282141445393,0.82,0.020100164688345589
2.3734080442372614,0.86363636363636465,0.0209915176167883
2.411388135088377,0.856544502617801,0.021350731417909621
2.4493684908755231,0.83365853658536559,0.019781675703406453
2.4873491157765946,0.88478802992518646,0.020825555706845859
2.5253300139697563,0.85761904761904761,0.019723140408507377
2.5633111896334411,0.89400479616306971,0.02042737596071641
2.6012926469463573,0.85371702637889757,0.021171135208003122
2.6392743900874911,0.83052391799544489,0.019808601551079441
2.677256423236114,0.87924528301886773,0.019491465576787156
2.7152387505717819,0.88230088495575265,0.01964671528698525
2.7532213762743423,0.85960264900662287,0.019508654388773253
2.7912043045239385,0.84824561403508747,0.019780653129438049
2.8291875395010138,0.84042553191489389,0.019170200958741983
2.8671710853863139,0.86415929203539876,0.0198277491171753
2.9051549463608941,0.90386965376782091,0.018730628416160376
2.943139126606118,0.85654008438818507,0.01896623299211609
2.98112363030367,0.88693877551020361,0.019285444334575453
3.0191084616355508,0.88803245436105516,0.018550691059105361
3.0570936247840876,0.85443548387096746,0.018372235080475047
3.0950791239319351,0.87668593448940357,0.018535204830545278
3.1330649632620808,0.8761133603238862,0.018876993079959145
3.1710511469578506,0.86666666666666625,0.017983466898335753
3.2090376792029085,0.86743295019157174,0.018392800019461249
3.2470245641812663,0.9315789473684214,0.018332609534190396
3.2850118060772835,0.91582867783985078,0.018291291110329518
3.3229994090756749,0.893785310734463,0.018106539121238302
3.3609873773615089,0.91393298059964756,0.017766716415468124
3.3989757151202213,0.92007299270073073,0.017983481744167775
3.43696442653761,0.92613240418118492,0.018064782434586386
3.4749535157998444,0.90600706713780954,0.017604125381033436
3.5129429870934663,0.91348511383537623,0.017596997109744977
3.5509328446053989,0.92101694915254273,0.01771328353734089
3.5889230925229469,0.9493891797556725,0.017915316093275877
3.6269137350338014,0.92327868852459061,0.017534087812617633
3.6649047763260425,0.965202702702703,0.018073534966344944
3.7028962205881504,0.94789644012944918,0.017275310073038532
3.7408880720090019,0.93881578947368283,0.0174311069730155
3.7788803347778752,0.96274509803921515,0.0177601676524444
3.816873013084459,0.95285053929121788,0.017185631425083139
3.8548661111188522,0.98569105691056957,0.017434048980397042
3.8928596330715726,0.96481481481481468,0.017213536019167853
3.9308535831335534,0.96248062015503888,0.017038752636292297
3.9688479654961579,0.99262672811059915,0.017684488158342452
4.0068427843511722,0.95775075987841851,0.0169082766696917
4.0448380438908185,0.95891238670694945,0.016507471037913186
4.082833748307757,0.97386196769456668,0.017301306827079563
4.1208299017950853,0.99613670133729715,0.017250340097781675
4.1588265085463485,0.99766763848396578,0.017203636725285035
4.1968235727555419,1.0144117647058821,0.017038527479953231
4.2348210986171138,0.98920454545454417,0.016444177186057271
4.2728190903259691,0.997450424929179,0.016712680611811827
4.3108175520774763,0.98730606488011252,0.01653403059488897
4.3488164880674685,1.0175977653631287,0.016628911805739905
4.3868159024922511,1.0122905027932965,0.016834099634993695
4.4248157995486048,1.0076712328767117,0.016741497115016088
4.4628161834337847,1.0330601092896186,0.016624060923689888
4.5008170583455351,1.0100271002710046,0.016625303951717376
4.53881842848208,1.0028871391076113,0.0163247419477634
4.5768202980421444,0.9917112299465255,0.016657131686815527
4.61482267122494,1.0018641810918782,0.015861755848262705
4.6528255522301833,1.0287937743190658,0.016553106234546092
4.690828945258092,1.0251295336787563,0.016091399122559094
4.7288328545093954,1.0396419437340152,0.016625024562675519
4.76683728418533,1.0464102564102562,0.016079397020628852
4.8048422384876588,1.0722499999999986,0.016276900810658024
4.8428477216186518,1.0276299112801008,0.015802737587205812
4.8808537377811145,1.0400990099009901,0.01588214177033493
4.91886029117838,1.061234567901234,0.016056029013196579
4.956867386014312,1.0753056234718814,0.016616925513492597
4.9948750264933137,1.1092659446450048,0.016309096843415062
5.0328832168203288,1.0868105515587536,0.016214117169694738
5.0708919612008492,1.1204819277108433,0.016576667051918237
5.1089012638409166,1.090930506478208,0.015854313347519928
5.1469111289471252,1.1281250000000005,0.016570853788090444
5.1849215607266315,1.1501154734411088,0.016487245999594079
5.2229325633871513,1.1400000000000001,0.01639452811924175
5.2609441411369717,1.114750290360047,0.016252694485419012
5.2989562981849474,1.1121452894438137,0.01601942618440988
5.3369690387405111,1.1351598173515984,0.016315018013000691
5.3749823670136747,1.1288590604026845,0.015843444040255204
5.4129962872150355,1.1909502262443423,0.016393740718687103
5.4510108035557758,1.1529794149512462,0.015860226474682791
5.4890259202476752,1.1532293986636983,0.016152752217789505
5.5270416415031054,1.1405875952121869,0.015886088196328873
5.5650579715350457,1.1569398907103818,0.015623446800881657
5.6030749145570722,1.1462882096069864,0.015780302404426003
5.6410924747833784,1.1535031847133754,0.01556351610704226
5.6791106564287661,1.1747863247863257,0.015632645693125329
5.71712946370866,1.1908333333333341,0.015850456749465159
5.7551489008391,1.212526539278131,0.015996999822394515
5.7931689720367627,1.210905349794237,0.015862315944204095
5.8311896815189472,1.2216666666666669,0.015805210770502207
5.86921103350359,1.2066168623265745,0.015996437974329984
5.9072330322092688,1.2440744368266414,0.015906046906422607
5.9452556818552047,1.2551295336787567,0.015743112136649039
5.9832789866612615,1.2541832669322721,0.015782374595838412
6.0213029508479625,1.2366803278688523,0.015588593032507288
6.0593275786364833,1.2585127201565531,0.01551428412953312
6.0973528742486591,1.2711198428290764,0.015763071253321402
6.1353788419069932,1.2742514970059871,0.016186751011956452
6.1734054858346576,1.2998054474708178,0.016399635780031618
6.2114328102554959,1.2979552093476137,0.015914720552464415
6.2494608193940291,1.3121813031161482,0.015680852694728645
6.2874895174754633,1.2634577603143438,0.015595675418739213
6.3255189087256873,1.30519357884797,0.015612466617896392
6.3635489973712822,1.3397031539888666,0.016094552832783753
6.4015797876395251,1.3334608030592732,0.016150846883144911
6.4396112837583894,1.3957249070631972,0.016094980037761514
6.4776434899565549,1.3450905624404206,0.015647300666270163
6.5156764104634046,1.3233393177737884,0.015124008346964748
6.5537100495090383,1.3564651162790693,0.015734410073369419
6.5917444113242718,1.4172884440400377,0.015891036575589584
6.6297795001406366,1.3958029197080273,0.0160241423032547
6.6678153201903925,1.3902439024390243,0.015831445459430077
6.7058518757065295,1.4422459893048132,0.015932478801824485
6.7438891709227686,1.3973333333333327,0.01583420270517721
6.7819272100735706,1.4276350752878644,0.015901431064666998
6.8199659973941342,1.418733273862623,0.015850088021137632
6.8580055371204107,1.4522569444444455,0.015522911090108667
6.8960458334890964,1.4659090909090926,0.015672469947177917
6.9340868907376469,1.4615117289313619,0.015798487361277203
6.97212871310427,1.4871050384286935,0.015753391983846007
7.0101713048279493,1.4817480719794369,0.015804600860369715
7.0482146701484236,1.5002540220152387,0.015943015660731197
7.086258813306209,1.5149872988992372,0.016199090998906849
7.1243037385426,1.5079365079365088,0.015830307932153374
7.1623494500996694,1.5532271584241404,0.016327929335203266
7.2003959522202763,1.5605704697986595,0.015943570681029633
7.2384432491480695,1.5868744872846614,0.016193858966842806
7.2764913451274884,1.5794576828266222,0.016293981586907764
7.3145402444037755,1.5810147299509012,0.015780418862128272
7.3525899512229724,1.6108414239482216,0.016522691674871356
7.3906404698319257,1.6176518218623486,0.016326585471907427
7.4286918044782988,1.6328238133547865,0.016005408623010666
7.4667439594105645,1.6778761061946899,0.016557569793721041
7.5047969388780222,1.6579277864992159,0.015960916508223358
7.542850747130788,1.654836131095125,0.016434587736243095
7.5809053884198088,1.68654602675059,0.016175213577286292
7.6189608669968711,1.7419859265050839,0.016581349356449171
7.6570171871145867,1.7324451410658335,0.016342333507389339
7.6950743530264187,1.704907975460122,0.01619024681673821
7.73313236898667,1.7466666666666693,0.016324042714064946
7.7711912392504967,1.7775572519083975,0.016646823064475933
7.80925096807391,1.7745539177657095,0.016360267982118815
7.8473115597137779,1.7771471247199413,0.016076719621321754
7.8853730184278321,1.8168195718654407,0.016485775924285562
7.9234353484746745,1.8321189591078038,0.01633489567238618
7.9614985541137751,1.8504126031507828,0.016639626536698978
7.9995626396054851,1.8355056179775264,0.016677394182590795
8.037627609211027,1.8838852097130239,0.016480079681141322
8.0756934671925222,1.8991760299625486,0.016804421659181924
8.11376021781297,1.906916426512971,0.016793390231529939
8.1518278653362728,1.9234042553191493,0.016929318729006076
8.189896414027217,1.9539017341040468,0.016982996864469461
8.22796586815151,1.9817784256559794,0.01651867875160307
8.266036231975761,2.00801717967072,0.016906380322775562
8.3041075097674746,1.9904967602591761,0.016880461788052192
8.3421797057950879,2.0163352272727249,0.01663600318241526
8.380252824327961,2.0285512367491156,0.016802259477078273
8.4183268696363651,2.0914651493598879,0.01732473071598881
8.45640184599151,2.0907574704656007,0.017304380817111276
8.49447775766553,2.1432604093154581,0.017559435566526234
8.53255460893151,2.1367403314917168,0.017000737051230883
8.5706324040634687,2.1448611111111116,0.017346660652773151
8.6087111473363684,2.1677154582763332,0.017233947628961178
8.6467908430261353,2.1932413793103431,0.017574167616696335
8.684871495409638,2.1971409121851595,0.017184215829545442
8.7229531087647079,2.2267748478701836,0.017224268644317111
8.7610356873701445,2.25679347826087,0.017335220796988404
8.7991192355057155,2.3045822102425859,0.017794861638083484
8.837203757452162,2.3290836653386453,0.017534155782731646
8.8752892574911968,2.311051574012057,0.017489919047752277
8.91337573990552,2.3613590939373768,0.017860728666346214
8.95146320897882,2.3791005291005325,0.01735200693513
8.98955166899577,2.407301173402864,0.017570595133154773
9.0276411242420451,2.431571994715982,0.017614982314291958
9.0657315790043143,2.4454193548387071,0.017474941178692149
9.1038230375702565,2.4702983138780779,0.017761792344091636
9.1419155042285531,2.5002577319587611,0.017796340430064013
9.1800089832689071,2.5500962155227693,0.017531302589758102
9.2181034789820266,2.5671622495151882,0.018189820128725571
9.2561989956596555,2.6145820238843491,0.017694809659081604
9.2942955375945537,2.6350832266325219,0.018178887430382661
9.33239310908052,2.6328075709779135,0.017966123621578716
9.3704917144123776,2.6767969735182877,0.018158233489593074
9.4085913578860048,2.7288806431663573,0.018146866476501447
9.4466920437983131,2.7715916296765988,0.018682852234664694
9.4847937764472636,2.832149532710277,0.0188151678040348
9.5228965601318745,2.8320253164557014,0.018740804506881044
9.5610003991522223,2.9045542014111625,0.019090047707763267
9.5991052978094462,2.9533163265306168,0.019231462539163569
9.6372112604057438,3.0011553273427465,0.019464843564595487
9.6753182912443911,2.966752246469833,0.019298625121625737
9.7134263946297441,3.0648195876288633,0.019721968783959796
9.7515355748672246,3.0671864847303407,0.019399819761843195
9.78964583626336,3.108973531310526,0.020176139361499108
9.8277571831257475,3.1567183462532302,0.019926610872334858
9.8658696197630871,3.1668178872326669,0.019983616778683374
9.9039831504851783,3.1783892617449667,0.020602168554024049
9.9420977796029213,3.2138759172781857,0.020250759873074009
9.9802135114283157,3.2456284153005486,0.020832325515352742
10.018330350274489,3.2746371803731869,0.020920365602351727
10.056448300455676,3.344822793606673,0.021375304867870697
10.094567366287233,3.3610916724982522,0.021142231750515536
10.132687552085633,3.4264768683273994,0.021793310722427472
10.170808862168498,3.4496113074204913,0.022171448416793842
10.208931300854569,3.4986476868327432,0.021961188278540142
10.247054872463734,3.5258992805755409,0.02191353207607739
10.285179581317017,3.5232091690544376,0.022209076451352706
10.3233054317366,3.6335988414192575,0.022796566533319074
10.361432428045806,3.6224800580130467,0.022662712069218997
10.399560574569128,3.6617193240264561,0.02266093346210285
10.437689875632211,3.7144307469180537,0.022541262677862703
10.475820335561869,3.7385977859778574,0.0227868667379697
10.513951958686086,3.7764705882352883,0.022858069679677007
10.552084749334028,3.7949517446176713,0.023259936655258478
10.590218711836028,3.87682020802377,0.023454858209648578
10.62835385052362,3.8957557706626988,0.023800245304900439
10.666490169729512,3.9008276899924694,0.023714807788346132
10.704627673787614,3.9464472700074817,0.023943061179841543
10.742766367033031,4.0570570570570554,0.024486446711579981
10.780906253802076,4.0400606980273093,0.024706734804918768
10.819047338432261,4.0975056689342431,0.024396535845118333
10.857189625262318,4.1481371087928514,0.024290958436354506
10.895333118632189,4.1579831932773148,0.024699319234099945
10.933477822883043,4.2137614678899071,0.0255340236700781
10.971623742357266,4.255665399239545,0.025092982976856391
11.009770881398493,4.2410099464422233,0.025355781205051633
11.047919244351574,4.3222999222999245,0.025267224220016718
11.086068835562605,4.3267734553775847,0.025283481214602593
11.124219659378932,4.4401847575057793,0.025826842603130284
11.162371720149141,4.4086821705426331,0.025842454643308661
11.200525022223079,4.4941358024691374,0.026086638124038511
11.23867956995185,4.5385570209464721,0.025722495373354425
11.276835367687816,4.5104477611940244,0.024747330873985177
11.314992419784607,4.6124814264487393,0.025493198812801422
11.353150730597132,4.635771180304129,0.025322635080482409
11.391310304481571,4.6586107091172222,0.025306587849305649
11.429471145795384,4.69705248023005,0.025190494010742158
11.467633258897321,4.77144906743185,0.025508179816202868
11.50579664814742,4.83019135364989,0.025698012190767078
11.543961317907014,4.8628169014084506,0.025570848247626697
11.582127272538738,4.8361479413817205,0.026165619708951027
11.620294516406533,4.913006993006988,0.026043295016494224
11.658463053875645,4.9442214532871915,0.025676512497258334
11.696632889312633,4.9677463818056529,0.025677662073502177
11.73480402708538,5.011448275862068,0.025375749375367691
11.772976471563087,5.1151059466848912,0.026067393436069473
11.811150227116292,5.1281355932203443,0.025523600448082964
11.849325298116852,5.1275932203389845,0.025611330442900544
11.887501688937975,5.1706245710363792,0.025802618036204091
11.925679403954195,5.2564895763281765,0.02620556752838658
11.96385844754141,5.2417508417508367,0.026568707603896385
12.002038824076859,5.2773188896411645,0.026206046196093478
12.04022053793914,5.2694848084544281,0.025865210368825997
12.078403593508209,5.362340282447879,0.026127619089756533
12.116587995165395,5.3551128818061047,0.02629700045964236
12.154773747293387,5.4143138542350568,0.026330676897485732
12.192960854276256,5.47028457974851,0.026655226652820777
12.231149320499449,5.5109933774834472,0.0263897105672555
12.269339150349806,5.494571615434932,0.026502672527507692
12.30753034821554,5.496922069417157,0.026694969688876934
12.345722918486274,5.58497409326424,0.02651266782013971
12.383916865553019,5.6558957654723168,0.026999779739371947
12.422112193808196,5.6646868947708233,0.026461602918513374
12.460308907645629,5.73156189241736,0.027412825985744304
12.498507011460557,5.7204865556978257,0.026725620301115697
12.53670650964964,5.720077469335048,0.027035299560219765
12.574907406610954,5.7490675241157625,0.026682911206178831
12.613109706744,5.8510449651678229,0.02690242935816468
12.651313414449726,5.86148949713559,0.027416657128265912
12.689518534130507,5.8651399491094178,0.027270273425032424
12.72772507019015,5.8896112173358777,0.0270944391341007
12.765933027033922,5.9711779448621529,0.026942793025538102
12.804142409068538,5.9724793912492107,0.027434268684646056
12.842353220702162,6.0016229712859088,0.027009173146880859
12.88056546634443,6.0078680203045627,0.027415132961899222
12.918779150406433,6.0662976629766305,0.027216367401602645
12.95699427730074,6.0594184576485519,0.02727309172167083
12.995210851441389,6.1132926829268266,0.026858908239435146
13.033428877243898,6.1257178526841427,0.027622974784186072
13.071648359125279,6.1717097170971806,0.027312920968626482
13.109869301504016,6.1403115264797634,0.027524840979636568
13.148091708800106,6.2081907090464528,0.027242008365849217
13.186315585435032,6.2468346650276594,0.027764597901578172
13.224540935831783,6.2512851897184811,0.026992383846796461
13.262767764414866,6.288602941176471,0.027328980914196836
13.300996075610291,6.29505192425168,0.027289164826436278
13.33922587384559,6.4211421628189536,0.027811762291584
13.377457163549819,6.3349514563106819,0.027300565836531929
13.415689949153561,6.401094890510949,0.027923087116414204
13.453924235088932,6.3685990338164284,0.027521926108453526
13.492160025789586,6.5014354066985662,0.027754289548761541
13.530397325690723,6.4627684964200425,0.027465361234626635
13.568636139229087,6.4378027170702952,0.027294333385691209
13.606876470842968,6.4695860827834348,0.027525669922667157
13.645118324972232,6.5704705882352838,0.027354269417466145
13.683361706058289,6.559856630824366,0.027962604997151055
13.721606618544124,6.584104389086594,0.02741804984287393
13.759853066874292,6.5801769911504495,0.027718444127777703
13.798101055494921,6.64290780141843,0.027480680703457879
13.836350588853737,6.6143867924528408,0.027584636860510558
13.874601671400033,6.5998833138856288,0.027610262361789026
13.912854307584704,6.59715302491102,0.028092473494391559
13.951108501860237,6.6688543465745713,0.028037849941624188
13.989364258680727,6.6732026143790772,0.02796826220728026
14.027621582501867,6.73155452436194,0.027565084301642766
14.065880477780965,6.7668202764976924,0.028099855354169881
14.10414094897695,6.7113909559244433,0.027378429327887768
14.142403000550365,6.7313657407407312,0.027620600842087312
14.180666636963382,6.8323243860651042,0.027633204855200339
14.218931862679806,6.7863610315186218,0.027826347760254739
14.257198682165075,6.8657423454650459,0.027692301074592987
14.295467099886269,6.8231423709585917,0.027757741431904241
14.333737120312115,6.8346044393853189,0.027771583289854133
14.372008747912988,6.8681557846506243,0.027880738788948426
14.410281987160918,6.8255391600454107,0.027488126510467767
14.448556842529607,6.8731679819616653,0.027470888462877995
14.486833318494408,6.93578292820803,0.027625101161718218
14.52511141953236,6.9228847245882923,0.027868755517513336
14.563391150122156,6.9336700336700385,0.027514939646010587
14.601672514744195,6.92705099778269,0.027515012700593904
14.639955517880543,6.9200000000000044,0.02774799092332433
14.67824016401496,6.9650969529085849,0.027277429009683989
14.716526457632918,6.9823793490460391,0.027283117279303562
14.754814403221573,6.9546403075233307,0.027626825148075032
14.793104005269784,7.0047006155567955,0.027561392318035317
14.831395268268137,6.9942286348501632,0.027886220943334535
14.869688196708921,6.9899508465319586,0.027710192768253327
14.907982795086149,6.9955232232792195,0.027581154883215848
14.946279067895567,7.00970027247956,0.027335445374289745
14.984577019634639,7.0325221238938012,0.027699190145223186
15.022876654802575,7.02753387533876,0.027658531805776203
15.061177977900329,7.0453056768559161,0.027509075803084097
15.099480993430587,6.9844086021505465,0.027316801680724881
15.137785705897809,7.0510248112189871,0.02749804161056791
15.17609211980818,7.0797172376291453,0.02735263242608962
15.214400239669679,6.99131367292225,0.027331016323532034
15.25271006999203,7.05623313545602,0.027483967630697315
15.291021615286729,7.0565405405405377,0.0275102743274572
15.329334880067064,7.0522062732589248,0.02771889243217162
15.367649868848098,7.0819707634000979,0.027417703101183938
15.40596658614667,7.0468632707774734,0.027195930344761029
15.444285036481427,7.053418803418797,0.02761767635394359
15.482605224372799,7.0349137931034482,0.027408845248563296
15.520927154343028,7.0762500000000044,0.026796963576951084
15.559250830916168,7.0978835978836035,0.026895278564653225
15.597576258618066,7.0844142259414307,0.026429475644106717
15.635903441976405,7.1260302556077137,0.027131334437059531
15.674232385520687,7.0794708994709046,0.027249036829188535
15.712563093782236,7.1015143603133026,0.027072482440097634
15.750895571294214,7.0704831932773073,0.027398453790461307
15.78922982259162,7.0733193277310935,0.027077725306119963
15.827565852211292,7.03636363636365,0.0265137874859338
15.865903664691929,6.9974934725848694,0.026896549735050807
15.904243264574069,7.0520618556700958,0.0267750635490981
15.942584656400117,7.0350804359107428,0.027109508547430411
15.980927844714344,6.9918891170431294,0.026506607770780476
16.019272834062885,7.0298553719008261,0.02671278666575309
16.057619628993756,6.97382413087934,0.026478274588419108
16.095968234056837,7.0231046931407928,0.026501886502736223
16.134318653803913,7.0024390243902417,0.026402724577087273
16.172670892788652,7.0673175745118311,0.026837836634388632
16.211024955566607,6.9966666666666724,0.026255243717611076
16.249380846695249,6.9763987792471873,0.026741677583383444
16.287738570733946,6.9439838220424566,0.026386612638441772
16.326098132243974,6.9510638297872394,0.026218925559158234
16.364459535788523,6.9613098236775617,0.026200057883056703
16.402822785932724,6.9317976965448107,0.026503598656286875
16.441187887243608,6.9146134663341678,0.02626691708482291
16.479554844290156,6.9220661985957728,0.026212043869598092
16.517923661643277,6.9466933867735392,0.026890976291783754
16.556294343875837,6.8514742628685488,0.026060040378212367
16.594666895562629,6.8605999999999936,0.026083807237441373
16.633041321280416,6.8632470119521818,0.026008224759006486
16.671417625607909,6.8459325396825434,0.026320829856620098
16.709795813125787,6.8279182879377345,0.025725296254588265
16.7481758884167,6.8132668329177024,0.026008337206915616
16.786557856065272,6.8107212475633467,0.025770098468291713
16.8249417206581,6.8254921259842485,0.025705186908740196
16.863327486783771,6.7623188405797086,0.025347177444839341
16.901715159032864,6.7615992102665361,0.025966616166816094
16.940104741997956,6.7222818137493894,0.02569741964514401
16.978496240273614,6.75937347038668,0.025681229259161505
17.016889658456421,6.6926213592233106,0.025373633634456619
17.055285001144966,6.7126692456479651,0.025332123020369447
17.093682272939859,6.6709117221418213,0.02535504687255875
17.132081478443723,6.6646601941747639,0.025393964368253547
17.170482622261233,6.6575263662511839,0.024780984183236855
17.208885708999063,6.5816015252621609,0.02482141565860941
17.247290743265953,6.6407283181600389,0.025067909787454018
17.285697729672673,6.55838926174497,0.024907525257170025
17.324106672832045,6.5266890273119307,0.024794309756138274
17.362517577358954,6.53718616769305,0.02451947076199016
17.400930447870326,6.5142313184198066,0.024554013849044008
17.439345288985166,6.5254938852304774,0.024434009151704409
17.477762105324555,6.4880725190839739,0.025047573609225614
17.516180901511639,6.41952830188679,0.024567820124888104
17.554601682171647,6.4627634660421514,0.024449917896711928
17.5930244519319,6.3883568075117445,0.024466085611465637
17.631449215421803,6.3874824848201683,0.024243933519223972
17.669875977272877,6.4297196261682323,0.024344314447277821
17.708304742118727,6.3710171853228061,0.02396313754450587
17.746735514595066,6.3255944055944076,0.023951998914911694
17.785168299339748,6.3208740120873941,0.024223656961460369
17.823603100992713,6.2818478768082082,0.024361325924551595
17.862039924196054,6.2640966093822508,0.024252267490187478
17.900478773593978,6.2348304307974214,0.02376975047345092
17.938919653832823,6.221203703703706,0.023746886302281781
17.977362569561091,7.0957836846929307,0.0424842810192354
18.015807525429413,6.1824448529411811,0.023510105964249906
18.054254526090585,6.180595667870036,0.023341538339634524
18.092703576199543,6.1337591240875975,0.023209193245928596
18.13115468041341,6.1474212688270109,0.023276773966824958
18.169607843391461,6.0964749536178164,0.023385824381197712
18.208063069795156,6.1072546230441027,0.023732467138626107
18.246520364288127,6.0833095577745953,0.0235679955447575
18.2849797315362,6.0777027027027062,0.023670602842283731
18.323441176207385,6.0810470189045178,0.024111553590261861
18.361904702971891,6.0136074400391628,0.024066906130169357
18.400370316502141,6.0150073565473257,0.023955801898928875
18.438838021472744,6.0157868771583587,0.024064471568368859
18.477307822560547,5.9812406947890944,0.024157879158621408
18.5157797244446,5.9741234567901245,0.023910721512779506
18.554253731806178,5.9152423788106,0.024689173585174109
18.592729849328798,5.9533366783742947,0.023942234483642837
18.631208081698205,5.9065261044176793,0.024101405099673848
18.669688433602385,5.8844512195121919,0.024096833570590951
18.708170909731578,5.8905050505050527,0.024291406743694226
18.746655514778276,5.8726714431934433,0.0243039912728489
18.785142253437211,5.89766022380468,0.024335450079157023
18.82363113040541,5.8072745901639387,0.024007570905096511
18.862122150382149,5.8237903225806411,0.023930122493460607
18.90061531806899,5.7562595809913137,0.023912407292640762
18.939110638169758,5.7810894141829419,0.024198966153834191
18.977608115390595,5.7509550851832794,0.0237914577393628
19.016107754439911,5.6973533990659009,0.024158712920948389
19.054609560028428,5.72520661157025,0.023903293405428089
19.093113536869158,5.6812761506276175,0.024354533121288952
19.131619689677443,5.64562855664769,0.023782806772757761
19.170128023170918,5.6856107660455564,0.023883448116081514
19.208638542069554,5.6537981269510915,0.023955448381619292
19.247151251095644,5.6144927536231819,0.023941147566084439
19.285666154973821,5.5775197889182015,0.024045496335064975
19.324183258431038,5.6063674321503107,0.024136221153288371
19.362702566196617,5.5614698162729717,0.024010340311660966
19.401224083002205,5.57080679405521,0.023920709849774416
19.439747813581825,5.545482866043618,0.023546996864710165
19.478273762671844,5.52853333333332,0.023704851824046483
19.51680193501101,5.5027196652719654,0.023435981792006844
19.555332335340434,5.4950270270270254,0.023901306693376412
19.593864968403622,5.46911928651058,0.024292619367347345
19.632399838946437,5.4225113122171846,0.024737312810262722
19.670936951717156,5.3623339110340762,0.024469292577365503
19.709476311466442,5.4080971659918955,0.024535664556594842
19.748017922947362,5.3906474820143924,0.024756780296963019
19.786561790915396,5.3621428571428638,0.025173434689349756
19.825107920128421,5.3582881253767249,0.025141621971721446
19.863656315346752,5.3467243510506837,0.025757362432308948
19.902206981333112,5.344208611279555,0.0254754679470835
19.940759922852681,5.3263157894736795,0.025166298871583882
19.979315144673048,5.2697674418604663,0.025341441915972946
20.017872651564257,5.3094221105527595,0.025217639314428539
20.056432448298796,5.2664520283322558,0.025710196447583322
20.094994539651623,5.2573812580231083,0.025473867410333115
20.133558930400131,5.2845953002610937,0.026125484760882365
20.172125625324203,5.2036387264457487,0.025717371575260987
20.210694629206181,5.1822164948453606,0.025499187769308679
20.249265946830889,5.1432000000000047,0.025815929621499634
20.28783958298563,5.1449313276651365,0.025641508769065045
20.326415542460207,5.13959183673469,0.026336811787756088
20.36499383004691,5.1595535128036749,0.025874992434406423
20.403574450540539,5.1286779661016935,0.025701264811820463
20.442157408738385,5.1263444520081665,0.0259637793134055
20.480742709440278,5.0838971583220545,0.02525466722961674
20.519330357448549,5.0362045760430636,0.024828206641111985
20.557920357568058,5.048280605226954,0.025613419445382885
20.596512714606202,5.035222672064771,0.025912864019227027
20.635107433372912,5.0179042331714134,0.025900890453846238
20.673704518680662,5.01108071135431,0.025750372802162916
20.712303975344469,4.9308813324080436,0.02592282130696236
20.750905808181933,4.9151767151767114,0.026063276062844438
20.789510022013175,4.9510989010989066,0.025143366844330266
20.828116621660921,4.8539704848910619,0.0253672841550043
20.866725611950443,4.89450101832994,0.025662812442756106
20.905336997709611,4.8940600978336759,0.025909816223362855
20.943950783768869,4.8189208128941807,0.025492074741194273
20.982566974961266,4.8118466898954786,0.025501799049996186
21.021185576122434,4.7892731122088819,0.025734368544926087
21.05980659209062,4.7224113475177409,0.025298579164472038
21.098430027706673,4.7731859018659284,0.025537250736966659
21.137055887814068,4.6899004267425362,0.025562237834983827
21.175684177258894,4.7186535764375872,0.025649716118337672
21.214314900889875,4.7288062902072863,0.025272673632648984
21.25294806355836,4.6882352941176419,0.025722137069376066
21.291583670118353,4.5830845771144251,0.025011104300796734
21.33022172542649,4.6020437956204434,0.025511340493846183
21.36886223434206,4.5803584229390673,0.025768989136561636
21.407505201727034,4.588042704626341,0.024779520678938675
21.446150632446024,4.5234477720964259,0.025297556475191545
21.484798531366319,4.4657163221667826,0.024932895156811505
21.523448903357895,4.483838383838382,0.025588570082053883
21.562101753293394,4.4978847556528132,0.0256676437516199
21.600757086048173,4.4425899280575516,0.024818788410490358
21.63941490650026,4.42105263157895,0.025205628128263539
21.678075219530395,4.4426205903527825,0.024908134446471237
21.716738030022039,4.3797142857142868,0.024760897415407351
21.755403342861349,4.3861009509875615,0.025155235496346556
21.794071162937222,4.2536376604850208,0.024280002879907385
21.832741495141256,4.2945295404813955,0.024973005539929795
21.87141434436781,4.2764321972443762,0.024771089591133059
21.910089715513966,4.2619418851878068,0.024495998548391438
21.948767613479557,4.2475574712643631,0.024643631921169532
21.98744804316717,4.1623846699786959,0.024056371483483892
22.026131009482153,4.1291193181818118,0.024259642064211863
22.064816517332609,4.12054597701149,0.024316865514988555
22.103504571629426,4.1191732002851111,0.023774952803295061
22.142195177286251,4.1185237757274669,0.024035423750946736
22.180888339219543,4.0266094420600931,0.023637641833845913
22.219584062348517,4.0071278825995806,0.023436575776226303
22.258282351595216,3.9880617977528026,0.023806283351337446
22.296983211884463,3.9309219858156048,0.023347017910422551
22.335686648143902,3.9469793887704347,0.02319862521887172
22.374392665303997,3.9472401433691759,0.023491554578654109
22.413101268298021,3.9046132008516627,0.023949977445665752
22.451812462062083,3.8141765114662918,0.02259293177862181
22.490526251535126,3.8504273504273447,0.023330097977588938
22.529242641658932,3.8078403421240159,0.023000349418806389
22.56796163737814,3.7866197183098635,0.023144063795077229
22.606683243640223,3.7609097370291384,0.023135174452324939
22.645407465395536,3.733381088825217,0.023018692008276817
22.684134307597294,3.7301900070372986,0.022753445489658873
22.722863775201578,3.6721590909090907,0.022502663194659243
22.761595873167362,3.6372688477951578,0.022858294199037565
22.800330606456484,3.5869964664310974,0.022504589911152253
22.839067980033711,3.5490727532097068,0.022363159602015324
22.877807998866668,3.5916606757728395,0.022833200828587957
22.916550667925915,3.52654804270462,0.022543521959548573
22.955295992184919,3.4813464235624116,0.021861169460894486
22.994043976620056,3.4792857142857141,0.021798474015117548
23.032794626210638,3.4550143266475626,0.022060943970954219
23.0715479459389,3.405263157894737,0.0217289765758905
23.110303940790018,3.37715517241379,0.022041840819906205
23.149062615752122,3.3654199011997172,0.021616817232599776
23.187823975816276,3.3664543524416164,0.021918580420721138
23.226588025976518,3.3283968368080465,0.021607439130604388
23.265354771229845,3.2913509649749848,0.02145579845575929
23.304124216576231,3.2239207360226465,0.021463930940499882
23.342896367018611,3.2221258134490229,0.021804960025324893
23.381671227562919,3.2400284900284864,0.020995092424031393
23.420448803218079,3.2244177840508077,0.020982928835442324
23.459229098996012,3.1611150822015768,0.0207330355372783
23.498012119911643,3.1743000717875085,0.02099609763182099
23.536797870982898,3.108506075768406,0.021230773262417582
23.575586357230733,3.0954446854663749,0.021059718093114185
23.614377583679129,3.0616254416961151,0.020675938006923196
23.653171555355094,3.0458689458689454,0.020460075825928313
23.691968277288669,3.0082562277580078,0.020722380509697168
23.730767754512943,2.9869375907111735,0.020461867690655566
23.76956999206406,2.961488904795992,0.020339104564011327
23.808374994981218,2.9247142857142876,0.02031361260689139
23.847182768306677,2.9520451339915361,0.020064430187632
23.885993317085784,2.8782357194504709,0.020302832710719348
23.924806646366935,2.8823613086770989,0.019992228498046032
23.963622761201645,2.8516452074392027,0.020321282871585546
24.002441666644483,2.8668128654970753,0.020081993957535391
24.041263367753153,2.7825842696629222,0.019902731054971669
24.080087869588436,2.7740425531914896,0.019783039286934596
24.118915177214241,2.7579024034959976,0.019798848300282446
24.157745295697595,2.7604255319148936,0.019615282764766692
24.196578230108642,2.7558422939068095,0.019687307776484534
24.235413985520662,2.6831871345029219,0.01974063208142483
24.274252567010077,2.672727272727272,0.01955142708702921
24.31309397965645,2.6264204545454519,0.01899668772441572
24.3519382285425,2.6508720930232594,0.019855417261940223
24.390785318754123,2.5825270758122767,0.019141609919336895
24.429635255380333,2.6116975748930087,0.019165519033586858
24.468488043513378,2.571811134601834,0.019148986948772394
24.507343688248639,2.5505797101449281,0.018988272837623155
24.54620219468471,2.5682630450321668,0.019099645595825374
24.585063567923374,2.4838940586972078,0.01879104882981222
24.623927813069606,2.5248914616497826,0.019285784955174246
24.6627949352316,2.4882642304989475,0.018334395479724912
24.701664939520768,2.4507483962936538,0.01831081675332091
24.740537831051721,2.4428364688856785,0.018518224535125284
24.779413614942335,2.4367025089605741,0.018663616243717693
24.818292296313686,2.3971243709561469,0.018257413865535539
24.857173880290119,2.3712260807937651,0.017916113446725602
24.896058371999214,2.3888491779842749,0.018260212204882643
24.934945776571819,2.388505747126441,0.018583702356150377
24.973836099142034,2.3338639652677262,0.018302368144596581
25.012729344847248,2.3155555555555583,0.017894460417161386
25.051625518828093,2.3068454481298564,0.017772004747341193
25.090524626228543,2.2827980014275537,0.017919613069180589
25.129426672195798,2.2713567839195981,0.01771334054699248
25.168331661880416,2.2690856313497831,0.018023121312686761
25.207239600436218,2.2363116511794132,0.017783637363879366
25.246150493020359,2.2438028169014075,0.017603098408987786
25.28506434479333,2.2134285714285689,0.017778684784118884
25.323981160918905,2.2095988538681937,0.017755508579282955
25.362900946564242,2.2300578034682106,0.017876779750140202
25.401823706899798,2.1844285714285712,0.017524618252559982
25.440749447099417,2.1691542288557231,0.017432215947672483
25.479678172340272,2.1626876340243042,0.017452450589582977
25.51860988780291,2.1432451751250916,0.017448058673214965
25.55754459867126,2.1537249283667594,0.017097699954942182
25.5964823101326,2.1372688477951645,0.01761860463216125
25.635423027377623,2.1064861012116918,0.017353873463758437
25.674366755600396,2.0648493543758963,0.01732569479855188
25.713313499998392,2.1061340941512139,0.01727401925333381
25.752263265772491,2.0756678700361033,0.017541114663706427
25.791216058126981,2.0789029535864962,0.016786556867836522
25.830171882269589,2.0642450142450124,0.017066989554406574
25.869130743411439,2.045779685264665,0.017007180513574464
25.908092646767134,2.0487769784172634,0.017227474587065823
25.947057597554679,2.0347949080622345,0.016552424075896608
25.986025600995553,2.0214946619217056,0.016861869418625438
26.024996662314681,1.9767142857142881,0.01690429241467431
26.063970786740466,2.0060128847530425,0.016822826996785535
26.102947979504769,1.9666666666666679,0.016773164022897732
26.141928245842944,1.971771347918136,0.016462714169657194
26.180911590993833,1.9825589706933526,0.016791476037199167
26.219898020199754,1.9503586800573895,0.016618928673194474
26.258887538706549,1.9413694721825943,0.016569602917358869
26.29788015176355,1.9244161358811045,0.016285114648271534
26.336875864623636,1.964814814814815,0.016648698522911554
26.375874682543159,1.9153024911032026,0.016432189256404953
26.414876610782059,1.9312410841654775,0.016425900150264124
26.453881654603784,1.8990799716914342,0.016450661260600297
26.492889819275334,1.90965909090909,0.016398100346981328
26.531901110067263,1.9019244476122599,0.016267763308576096
26.570915532253686,1.9032074126871035,0.016718704508821836
26.609933091112293,1.8835227272727286,0.016372548768492107
26.648953791924342,1.8976022566995789,0.016486738341901657
26.68797763997469,1.8766714082503548,0.016342685197646496
26.727004640551762,1.8724431818181833,0.016153260199806233
26.7660347989476,1.8730769230769222,0.016269589915240537
26.805068120457864,1.8322081575246156,0.016355616667597477
26.844104610381788,1.7989985693848374,0.015847574508248204
26.883144274022278,1.849964513839605,0.015760969508644879
26.922187116685823,1.8550641940085568,0.01619602508357771
26.961233143682588,1.8583565459610019,0.015856654530892262
27.000282360326356,1.8398009950248748,0.016107139132014534
27.03933477193457,1.8183368869936032,0.015948611917306951
27.078390383828353,1.8380473797559242,0.016226517979779028
27.117449201332459,1.8368715083798874,0.01603714458855136
27.156511229775347,1.8595624558927339,0.016274374899040826
27.195576474489148,1.8791519434628936,0.016336251212324227
27.234644940809691,1.9057733428367778,0.016606811271761911
27.273716634076482,1.9679046951646835,0.01647273638355063
27.312791559632768,2.0138908575478389,0.016801232588419108
27.351869722825469,2.0887323943661964,0.017177613994242912
27.390951129005273,2.1080541696364956,0.017182356023386733
27.430035783526556,2.0902506963788277,0.016920429331543054
27.469123691747455,2.088073394495408,0.0169433651415167
27.508214859029849,2.0787446504992886,0.0172996232689715
27.54730929073936,2.0276203966005668,0.016799786435378571
27.586406992245383,1.9378209576682832,0.016485955816986638
27.625507968921074,1.9326788218793851,0.016495024323129465
27.664612226143365,1.8575284090909081,0.015935385635959209
27.703719769292981,1.8369098712446337,0.015963383267421739
27.742830603754427,1.8047189451769639,0.015692455390443446
27.781944734916028,1.7493295695130575,0.015904472010382632
27.821062168169881,1.7634965034965027,0.015559715562903278
27.860182908911938,1.7607318789584796,0.015577404547936229
27.899306962541942,1.7327754532775468,0.015303299217284507
27.938434334463508,1.7487544483985769,0.015712942728603883
27.977565030084033,1.7406935598018396,0.015616605692322549
28.016699054814815,1.7358831710709317,0.015408007342068267
28.055836414070992,1.7139874739039624,0.01537123070616494
28.094977113271543,1.7277973258268842,0.015548765494250152
28.134121157839356,1.7500000000000007,0.015512471705598064
28.173268553201154,1.7091416608513623,0.015211239568284698
28.212419304787591,1.7407719298245621,0.01544911922094541
28.251573418033193,1.694855532064836,0.015248391475904385
28.290730898376388,1.7142253521126769,0.015535473035476725
28.329891751259531,1.7098552722260498,0.015204813812502851
28.369055982128881,1.7018867924528338,0.015410666833079553
28.408223596434635,1.7248766737138832,0.015659415827857529
28.447394599630922,1.7066574202496532,0.015395284327323159
28.486568997175812,1.7057839721254351,0.015626235701237515
28.52574679453134,1.7133473095737244,0.01550764485748047
28.564927997163473,1.7051209103840652,0.015486697563263775
28.604112610542188,1.700203942895991,0.015178491803672917
28.643300640141405,1.738311235170972,0.015346379581677474
28.682492091439048,1.7222761970853591,0.01521693835440603
