# 1D Dataset
# Length: 748
# X, Y [, YError]
# Units: X [°], Y [cts]
0.018985906935894994,2.6999999999999997,0.74161984870956621
0.056957722892410224,11.171428571428573,0.67551945243067946
0.094929545103103266,11.914285714285715,0.4468712091319158
0.13290137773743285,19.642105263157895,0.30869217470768795
0.170873224964868,18.675862068965518,0.29405524972865993
0.20884509095489218,18.706666666666663,0.31244555081201308
0.24681697987700743,26.441025641025643,0.26463724815262912
0.2847888959007383,17.786666666666669,0.20770349236529642
0.32276084319563647,19.108,0.25449557952938989
0.36073282593128403,12.545161290322579,0.18117721187273278
0.39870484827729841,10.61694915254237,0.17787729826364973
0.43667691440333628,7.9378378378378356,0.13615828884118919
0.47464902847909735,7.2051948051948047,0.13463969020981231
0.51262119467432865,15.385365853658538,0.21974919455333886
0.550593417158829,2.66067415730337,0.065862251189900425
0.58856570010245279,3.0150537634408594,0.072896564544852868
0.6265380476751139,19.3588785046729,0.19694141303367416
0.66451046404679037,11.504761904761905,0.15117978964857021
0.7024829533875282,6.7217391304347807,0.0974921837786015
0.74045551986744529,4.3764705882352928,0.079942426850590123
0.77842816765673584,3.1730158730158715,0.064339581585749983
0.81640090092567474,2.1635036496350382,0.046014357700655428
0.85437372384462118,1.5879699248120294,0.047588698942696725
0.89234664058402269,1.3040540540540548,0.035174094823838833
0.93031965531441985,0.99865771812080562,0.033314560123465384
0.96829277220644983,1.0670807453416147,0.037452952625295251
1.0062659954308515,0.9472392638036814,0.036932311517282
1.0442393291584673,0.95301204819277119,0.033616401032057118
1.0822127775602506,0.89666666666666672,0.029449685068219041
1.1201863448072669,0.95280898876404507,0.03137025529958138
1.1581600350707,0.881675392670156,0.030456627376437662
1.1961338525218552,0.91170212765957415,0.029443303198080955
1.2341078013321625,0.89452736318407977,0.030466290333124105
1.2720818856731833,0.86388888888888937,0.027208676397990947
1.3100561097166115,0.8701923076923076,0.027718337125768405
1.3480304776342806,0.81809954751131231,0.027508930594698028
1.3860049935981651,0.790178571428571,0.025722964805157022
1.4239796617803864,0.79912663755458524,0.025500089643068005
1.4619544863532157,0.8318367346938772,0.025470172672363577
1.4999294714890805,0.80683760683760641,0.02577599803418841
1.5379046213605652,0.82934362934362926,0.024704391155284007
1.575879940140418,0.776,0.024592681838303036
1.6138554320015539,0.79622641509433911,0.024292040663292189
1.6518311011170592,0.80220588235294044,0.024192182171120739
1.689806951660195,0.73111111111111093,0.023400842961379724
1.7277829878044026,0.75277777777777755,0.023271661222383378
1.7657592137233058,0.73597122302158269,0.022538777263051122
1.8037356335907171,0.71986754966887367,0.022207659121996313
1.8417122515806394,0.72441471571906346,0.021900609423070098
1.8796890718672736,0.76953642384105947,0.022560339201186535
1.9176660986250182,0.73498452012383919,0.02110719572638925
1.9556433360284782,0.73935483870967744,0.021826102998757778
1.993620788252465,0.78433734939758992,0.021948718918357445
2.0315984594720042,0.75092024539877322,0.02121227192591469
2.069576353862336,0.72886297376093256,0.020387327973232762
2.1075544755989242,0.72543352601156064,0.020247722414031211
2.1455328288574536,0.7300578034682077,0.020704618137077826
2.1835114178138415,0.73055555555555585,0.019555239896442273
2.2214902466442363,0.74662921348314559,0.020403393030713344
2.2594693195250253,0.73650793650793633,0.020420127508362869
2.2974486406328349,0.73497267759562845,0.020096366719599225
2.3354282141445393,0.75947368421052608,0.019721046310731783
2.3734080442372614,0.73838383838383836,0.019406692986707923
2.411388135088377,0.73455497382198942,0.019864263492974224
2.4493684908755231,0.73609756097561,0.0184400567526203
2.4873491157765946,0.777556109725686,0.018810994678948739
2.5253300139697563,0.73571428571428543,0.018871206876604148
2.5633111896334411,0.75251798561151118,0.019016045661006245
2.6012926469463573,0.74052757793764978,0.018504116761496815
2.6392743900874911,0.75216400911161752,0.018659359832594449
2.677256423236114,0.74622641509433973,0.018063635980062848
2.7152387505717819,0.7243362831858402,0.017987147455024648
2.7532213762743423,0.767328918322296,0.018028712573152698
2.7912043045239385,0.74780701754385936,0.018009179971620885
2.8291875395010138,0.76382978723404316,0.017990994175838056
2.8671710853863139,0.76725663716814152,0.017995309210321032
2.9051549463608941,0.75845213849287219,0.017562575264611087
2.943139126606118,0.77763713080168784,0.017990722029812528
2.98112363030367,0.76204081632653031,0.017767999069125649
3.0191084616355508,0.77281947261663309,0.018251069986534675
3.0570936247840876,0.76330645161290367,0.017348084487337864
3.0950791239319351,0.80500963391136793,0.017532659986246372
3.1330649632620808,0.77813765182186212,0.017921554638778432
3.1710511469578506,0.76685288640595939,0.017359435659473253
3.2090376792029085,0.77203065134099591,0.017396070627963989
3.2470245641812663,0.79323308270676773,0.017029701733693441
3.2850118060772835,0.794785847299814,0.017544231975141735
3.3229994090756749,0.80903954802259881,0.017387101902197818
3.3609873773615089,0.79647266313932963,0.016774331939223522
3.3989757151202213,0.78649635036496335,0.016634890766537715
3.43696442653761,0.801742160278746,0.016724738675958202
3.4749535157998444,0.80565371024735044,0.016962971042683347
3.5129429870934663,0.8073555166374784,0.016834486641958562
3.5509328446053989,0.79762711864406766,0.016138227957515464
3.5889230925229469,0.80069808027923262,0.016764830657623513
3.6269137350338014,0.8291803278688521,0.016246885877780146
3.6649047763260425,0.86993243243243146,0.016913837096228367
3.7028962205881504,0.78802588996763767,0.015616353872420462
3.7408880720090019,0.82302631578947472,0.01653103718594855
3.7788803347778752,0.81470588235294128,0.016183896097273713
3.816873013084459,0.81725731895223364,0.015896727736861568
3.8548661111188522,0.84747967479674791,0.016663295316366743
3.8928596330715726,0.86574074074074037,0.01611454010148965
3.9308535831335534,0.83255813953488456,0.015823070787191425
3.9688479654961579,0.82365591397849536,0.015610870680076824
4.0068427843511722,0.83404255319148946,0.01585507763616411
4.0448380438908185,0.86374622356495412,0.015518529119471719
4.082833748307757,0.85139500734214479,0.015732074642274149
4.1208299017950853,0.85884101040118832,0.015642062206442996
4.1588265085463485,0.871137026239067,0.015896566624158136
4.1968235727555419,0.85352941176470654,0.015784009252939706
4.2348210986171138,0.8852272727272722,0.016193181818181822
4.2728190903259691,0.86147308781869658,0.015530436447800782
4.3108175520774763,0.869957686882933,0.015704697691024328
4.3488164880674685,0.90558659217877158,0.016040185093761861
4.3868159024922511,0.88687150837988793,0.016036536418332217
4.4248157995486048,0.87726027397260331,0.01545822280470747
4.4628161834337847,0.872404371584699,0.015241885990143565
4.5008170583455351,0.86097560975609766,0.015444777071842846
4.53881842848208,0.89475065616798044,0.015087868922445971
4.5768202980421444,0.90187165775401135,0.015557499900045769
4.61482267122494,0.88628495339547153,0.015111862539665641
4.6528255522301833,0.92814526588845658,0.015429595183359845
4.690828945258092,0.90336787564766841,0.015528921834866016
4.7288328545093954,0.913554987212277,0.014978568249970669
4.76683728418533,0.90384615384615252,0.015121684818242803
4.8048422384876588,0.9257499999999993,0.015378556499229696
4.8428477216186518,0.924207858048162,0.015202787018883493
4.8808537377811145,0.93688118811881227,0.014724082252441045
4.91886029117838,0.93753086419753107,0.015043502431336108
4.956867386014312,0.93765281173594062,0.01547022422560968
4.9948750264933137,0.95234657039711212,0.015623424661484921
5.0328832168203288,0.94316546762589837,0.015103154821285767
5.0708919612008492,0.94698795180722883,0.015008586113773746
5.1089012638409166,0.96325088339222709,0.015079321007611954
5.1469111289471252,0.98004807692307727,0.014979260193572484
5.1849215607266315,0.99376443418013738,0.01528006427281524
5.2229325633871513,0.99218390804597689,0.014917751340604697
5.2609441411369717,0.99628339140534272,0.01529842029305397
5.2989562981849474,0.99318955732122616,0.014901059055140983
5.3369690387405111,0.96621004566209956,0.014977412571801851
5.3749823670136747,1.0123042505592832,0.01499048372953104
5.4129962872150355,0.99389140271493182,0.015031208363686023
5.4510108035557758,1.0132177681473442,0.014794981594896232
5.4890259202476752,1.0180400890868597,0.014957740780475702
5.5270416415031054,1.0211099020674643,0.014712834200482573
5.5650579715350457,1.0391256830601094,0.014931537753095966
5.6030749145570722,1.0120087336244543,0.014870422313231055
5.6410924747833784,1.0367303609341809,0.014850617421752458
5.6791106564287661,1.0429487179487174,0.014909876089247416
5.71712946370866,1.0577083333333344,0.014744643566017047
5.7551489008391,1.0549893842887481,0.014878668233925233
5.7931689720367627,1.0697530864197535,0.014585850698310487
5.8311896815189472,1.064166666666668,0.014902751889798341
5.86921103350359,1.0680896478121678,0.014673619844010407
5.9072330322092688,1.0662095984329087,0.014794286063466531
5.9452556818552047,1.0955440414507787,0.015142304213560876
5.9832789866612615,1.092231075697212,0.014703975163369576
6.0213029508479625,1.1092213114754106,0.014871035907064655
6.0593275786364833,1.1076320939334641,0.014512448883566923
6.0973528742486591,1.1111984282907679,0.014917013180925882
6.1353788419069932,1.1015968063872257,0.014773156143683257
6.1734054858346576,1.1202334630350184,0.014833912721048798
6.2114328102554959,1.1248296007789678,0.014939387274789204
6.2494608193940291,1.1609065155807368,0.014996039683554506
6.2874895174754633,1.133398821218075,0.014781850142221326
6.3255189087256873,1.1586402266288951,0.015119802263011588
6.3635489973712822,1.1506493506493509,0.014389546282057991
6.4015797876395251,1.1766730401529637,0.014858700398074864
6.4396112837583894,1.1736059479553882,0.014673423313004081
6.4776434899565549,1.2139180171591988,0.015243681841570473
6.5156764104634046,1.2039497307001821,0.014819376606666908
6.5537100495090383,1.1875348837209316,0.014594871559036379
6.5917444113242718,1.1898089171974524,0.014782179065442935
6.6297795001406366,1.2138686131386867,0.014824326040292116
6.6678153201903925,1.2558265582655812,0.015121746158325294
6.7058518757065295,1.2254901960784308,0.014533369380943918
6.7438891709227686,1.2558222222222239,0.014878736173595388
6.7819272100735706,1.2598759964570436,0.014881479569542841
6.8199659973941342,1.2793933987511126,0.01504438550404167
6.8580055371204107,1.3003472222222208,0.015060701348733399
6.8960458334890964,1.2825174825174848,0.015064919745366164
6.9340868907376469,1.3216333622936578,0.015261404005245146
6.97212871310427,1.3251921434671226,0.014825683649835608
7.0101713048279493,1.3215081405312779,0.014979303051771828
7.0482146701484236,1.3336155800169338,0.015100487730032759
7.086258813306209,1.3700254022015252,0.015085286530528451
7.1243037385426,1.3350041771094396,0.014671112059158
7.1623494500996694,1.3440067057837388,0.01510290780158283
7.2003959522202763,1.3728187919463086,0.014985109646015373
7.2384432491480695,1.425430680885974,0.015459522993804166
7.2764913451274884,1.38060805258833,0.014976462239111595
7.3145402444037755,1.4008183306055653,0.01504393487894989
7.3525899512229724,1.4184466019417472,0.014910017667569213
7.3906404698319257,1.4168421052631592,0.015022807162414482
7.4286918044782988,1.4448913917940469,0.014991885333127375
7.4667439594105645,1.4613032984714402,0.015475385301601845
7.5047969388780222,1.4660910518053376,0.015554281809760612
7.542850747130788,1.4460431654676238,0.015260041310123307
7.5809053884198088,1.4871754523996852,0.015485022313318698
7.6189608669968711,1.5041438623924959,0.015246085682609661
7.6570171871145867,1.51128526645768,0.015179908897709026
7.6950743530264187,1.5532208588957033,0.015501044415112021
7.73313236898667,1.5604651162790704,0.015637409440312226
7.7711912392504967,1.5760305343511454,0.015368366940134513
7.80925096807391,1.5655546935609028,0.015492612464070276
7.8473115597137779,1.6155339805825237,0.015471019068986186
7.8853730184278321,1.5961773700305808,0.015432824047938304
7.9234353484746745,1.6249814126394058,0.01540595080794576
7.9614985541137751,1.618454613653415,0.015533773977558028
7.9995626396054851,1.6397003745318353,0.015810035306755229
8.037627609211027,1.6476821192052968,0.015440971177621252
8.0756934671925222,1.6704119850187282,0.015753505321198645
8.11376021781297,1.695965417867437,0.015667999802388265
8.1518278653362728,1.6965517241379291,0.015750977032369058
8.189896414027217,1.756502890173413,0.016101210282721341
8.22796586815151,1.7380466472303193,0.016145260882193625
8.266036231975761,1.7397279885468837,0.01606851612966477
8.3041075097674746,1.7807055435565176,0.016157214284569416
8.3421797057950879,1.7849431818181807,0.015991630950585096
8.380252824327961,1.8086219081272092,0.016026361432337152
8.4183268696363651,1.8372688477951653,0.016208727776095718
8.45640184599151,1.860597637248091,0.016036410608582134
8.49447775766553,1.8525052928722647,0.016116310788299979
8.53255460893151,1.8870165745856338,0.016143685169802292
8.5706324040634687,1.9080555555555558,0.0161955998253755
8.6087111473363684,1.887551299589602,0.015799533326651453
8.6467908430261353,1.9324137931034433,0.016351082754767949
8.684871495409638,1.9424098025867926,0.016397100798968209
8.7229531087647079,1.9802569303583515,0.016668826584969106
8.7610356873701445,1.9948369565217376,0.016295287337570578
8.7991192355057155,2.0479784366576808,0.016424364136476681
8.837203757452162,2.0539176626826072,0.016258093687510328
8.8752892574911968,2.0522438044206304,0.016418522284683205
8.91337573990552,2.0926049300466345,0.016803605884540371
8.95146320897882,2.1099206349206359,0.016805189855864586
8.98955166899577,2.1333767926988223,0.016256271789072432
9.0276411242420451,2.149669749009246,0.016638358249758282
9.0657315790043143,2.1923870967741967,0.016530739505394559
9.1038230375702565,2.164332036316472,0.016297056860695269
9.1419155042285531,2.2247422680412363,0.016660133519553814
9.1800089832689071,2.2679923027581772,0.016674643288321869
9.2181034789820266,2.2902391725921127,0.017219339537967612
9.2561989956596555,2.3294783155248266,0.017093161639382459
9.2942955375945537,2.3289372599231766,0.017100541871999279
9.33239310908052,2.342460567823339,0.017092785652390197
9.3704917144123776,2.3907944514501915,0.017194974944479524
9.4085913578860048,2.4030921459492913,0.01725916100862
9.4466920437983131,2.4270133164235892,0.01734951810895332
9.4847937764472636,2.4782554517133941,0.017170055429921619
9.5228965601318745,2.5372151898734168,0.017839795176525803
9.5610003991522223,2.6039769082745372,0.018152775290502698
9.5991052978094462,2.5881377551020406,0.018057593965215224
9.6372112604057438,2.6156611039794604,0.018248149742593919
9.6753182912443911,2.6410783055198976,0.018288065538904358
9.7134263946297441,2.6672680412371115,0.018354922078922819
9.7515355748672246,2.6862897985705008,0.018499471526614894
9.78964583626336,2.7570045190445449,0.018738444510910238
9.8277571831257475,2.7736434108527135,0.018486290888410119
9.8658696197630871,2.8174983797796416,0.018830278697814513
9.9039831504851783,2.8178523489932923,0.018989137972264251
9.9420977796029213,2.8643095396931306,0.019321140363036074
9.9802135114283157,2.8963114754098367,0.019461100564656476
10.018330350274489,2.916793365583966,0.02005552017703827
10.056448300455676,2.9837387074357253,0.019969692899243885
10.094567366287233,2.9795661301609497,0.020092141428409736
10.132687552085633,3.0195017793594356,0.020125617084039579
10.170808862168498,3.0908833922261492,0.0206215157738101
10.208931300854569,3.0706049822064077,0.020648176288788473
10.247054872463734,3.1155395683453246,0.020600930150557851
10.285179581317017,3.1681948424068822,0.021118081114828966
10.3233054317366,3.1553946415640817,0.02085495614487486
10.361432428045806,3.1994198694706308,0.021291165849606431
10.399560574569128,3.2554004408523127,0.021750203495683847
10.437689875632211,3.2951414068165339,0.021127028553595523
10.475820335561869,3.3052398523985222,0.0212730547296785
10.513951958686086,3.3892647058823515,0.022042886399708403
10.552084749334028,3.3649591685226468,0.021536747050078933
10.590218711836028,3.4306092124814307,0.021618209438523918
10.62835385052362,3.4396128071481762,0.022016549657193619
10.666490169729512,3.4993227990970732,0.02275621950537431
10.704627673787614,3.4978309648466768,0.022288706058339543
10.742766367033031,3.535135135135127,0.0227032290165727
10.780906253802076,3.6051593323216986,0.022894403598746876
10.819047338432261,3.6344671201814083,0.022913093845508763
10.857189625262318,3.6682563338301031,0.023279671232627891
10.895333118632189,3.7012987012987053,0.023479752742305324
10.933477822883043,3.7339449541284364,0.023773685357522837
10.971623742357266,3.7697338403041818,0.023603808149124064
11.009770881398493,3.7908186687069607,0.023779815447168087
11.047919244351574,3.8299922299922269,0.023961121690983737
11.086068835562605,3.857818459191459,0.023858693194480612
11.124219659378932,3.9234795996920733,0.024256142378208431
11.162371720149141,3.9480620155038659,0.024820974283398717
11.200525022223079,3.947222222222222,0.024204055164151094
11.23867956995185,4.004499612102399,0.024636841750504922
11.276835367687816,4.0550746268656681,0.024159287991526539
11.314992419784607,4.1056463595839512,0.024428223842570079
11.353150730597132,4.1047067342505432,0.023746489407781967
11.391310304481571,4.1406657018813311,0.024026205933214972
11.429471145795384,4.1416247304097737,0.023773775075495406
11.467633258897321,4.2133428981348651,0.024155550730456186
11.50579664814742,4.2897236002834873,0.024503994028753723
11.543961317907014,4.2442253521126831,0.023999520592976834
11.582127272538738,4.3038381018841605,0.024313175647647171
11.620294516406533,4.3538461538461579,0.023954698308064092
11.658463053875645,4.4315570934256057,0.024671838368506289
11.696632889312633,4.4067539627842862,0.024210527087478055
11.73480402708538,4.4285517241379342,0.024549593088451789
11.772976471563087,4.4380041011620008,0.024361001984402303
11.811150227116292,4.5383050847457582,0.024226642203851265
11.849325298116852,4.568677966101693,0.024316594206557345
11.887501688937975,4.5902539464653414,0.024834953383634204
11.925679403954195,4.56745124411566,0.024527173501701364
11.96385844754141,4.6824242424242417,0.024991966649084846
12.002038824076859,4.6412999322951896,0.024622405550417909
12.04022053793914,4.707661822985477,0.024704716684828945
12.078403593508209,4.6887693342299865,0.024847391841439866
12.116587995165395,4.7490039840637452,0.024476516049500276
12.154773747293387,4.79146421536442,0.024700685530246062
12.192960854276256,4.8124420913302544,0.024929201571396
12.231149320499449,4.850331125827811,0.024700655113867979
12.269339150349806,4.8879005886200213,0.024667651890359708
12.30753034821554,4.8899803536345789,0.025421448765970592
12.345722918486274,4.9168393782383379,0.024958857660023367
12.383916865553019,4.9207817589576566,0.0251019840507661
12.422112193808196,5.0117495158166534,0.02486924530702132
12.460308907645629,5.0185353208036245,0.025520687288627785
12.498507011460557,5.0353393085787417,0.024688511012889155
12.53670650964964,5.1129761136216985,0.0250740286904095
12.574907406610954,5.08694533762058,0.025438453126883597
12.613109706744,5.12387587080432,0.025220143537029692
12.651313414449726,5.1625716104392163,0.02527429596068205
12.689518534130507,5.20089058524173,0.025789340714039981
12.72772507019015,5.2330146590184787,0.025532316566244505
12.765933027033922,5.2139097744360914,0.025126485138204379
12.804142409068538,5.2474318325935361,0.025319236513882255
12.842353220702162,5.2751560549313412,0.025487281997861041
12.88056546634443,5.3065989847715658,0.025754231198849016
12.918779150406433,5.3674046740467425,0.02523129720810079
12.95699427730074,5.3858407079646051,0.025890647215004951
12.995210851441389,5.4041463414634157,0.025473505149554931
13.033428877243898,5.4022471910112344,0.025782768392114755
13.071648359125279,5.4442804428044305,0.025548898124158552
13.109869301504016,5.4883489096573213,0.026022140829606036
13.148091708800106,5.450366748166263,0.02538184073947853
13.186315585435032,5.4846957590657732,0.02584860318457291
13.224540935831783,5.5358629130966932,0.02641494512972014
13.262767764414866,5.5651960784313568,0.025680818861948763
13.300996075610291,5.5552840562003718,0.025784508670999472
13.33922587384559,5.627946537059537,0.025871509249061057
13.377457163549819,5.6077669902912657,0.025922483500146094
13.415689949153561,5.6277372262773708,0.02568711098825819
13.453924235088932,5.6711352657004861,0.025988222306705507
13.492160025789586,5.6901913875598042,0.02592329087295522
13.530397325690723,5.7136038186157672,0.02591711272865771
13.568636139229087,5.7321913762551695,0.025801419959864985
13.606876470842968,5.7390521895620887,0.025990109246963551
13.645118324972232,5.7350588235294113,0.025628838644039576
13.683361706058289,5.804659498207891,0.026200855769129609
13.721606618544124,5.805338078291812,0.025539163256555909
13.759853066874292,5.776519174041308,0.026393515803901639
13.798101055494921,5.8310874704491784,0.026102197520321991
13.836350588853737,5.8330188679245332,0.026188273982781372
13.874601671400033,5.8975495915986009,0.025863550290085441
13.912854307584704,5.88706998813761,0.026395630844877463
13.951108501860237,5.9134139320667813,0.026111770996414187
13.989364258680727,5.9284610814022685,0.026479906039193965
14.027621582501867,5.8986078886310818,0.025678307729639308
14.065880477780965,5.9203917050691288,0.025787157451625006
14.10414094897695,5.9647395535203254,0.025774465537667386
14.142403000550365,6.003819444444451,0.026230539360263171
14.180666636963382,5.9974871501998877,0.025735617885423768
14.218931862679806,6.0157020057306463,0.02581673021674279
14.257198682165075,6.0195262853841793,0.025734736737336877
14.295467099886269,6.0208735110606986,0.026213433639417319
14.333737120312115,6.0417757541263466,0.026139880123835
14.372008747912988,6.1063001145475289,0.026519301091242117
14.410281987160918,6.0444948921679957,0.026277019291279673
14.448556842529607,6.0785794813979663,0.025847006704700054
14.486833318494408,6.07597512719051,0.025693336702144836
14.52511141953236,6.11595684270301,0.02599765709398251
14.563391150122156,6.0921436588103237,0.026299172629984303
14.601672514744195,6.1344789356984437,0.025560515528464108
14.639955517880543,6.1411173184357448,0.026187951570625645
14.67824016401496,6.1325207756232674,0.026019442338249023
14.716526457632918,6.1409652076318668,0.025798194732970368
14.754814403221573,6.1657331136738058,0.025693475523108116
14.793104005269784,6.1533296026860711,0.026300586977316531
14.831395268268137,6.1594894561598261,0.026020661028331268
14.869688196708921,6.1864554888039383,0.025596770123469486
14.907982795086149,6.2264129826524846,0.02611802145776532
14.946279067895567,6.193896457765673,0.025828993122351838
14.984577019634639,6.2154867256637178,0.025920858544172618
15.022876654802575,6.2562601626016159,0.025807085934818161
15.061177977900329,6.2558951965065388,0.025739084613214686
15.099480993430587,6.2351612903225737,0.025807459657731367
15.137785705897809,6.2450916936353815,0.025652679225126145
15.17609211980818,6.1753126699292995,0.02564099561710698
15.214400239669679,6.2004289544235958,0.025621724568721749
15.25271006999203,6.25202374527792,0.026065895045632937
15.291021615286729,6.2718918918919062,0.026069077198381314
15.329334880067064,6.2660287081339625,0.025882022137889919
15.367649868848098,6.273632918245811,0.025902448677721845
15.40596658614667,6.2579088471849813,0.025422562125747367
15.444285036481427,6.2636752136752047,0.025421850838137756
15.482605224372799,6.2570043103448434,0.026470702836351282
15.520927154343028,6.2100000000000035,0.025319357781591209
15.559250830916168,6.2628571428571309,0.025468483562883379
15.597576258618066,6.29696652719665,0.025191729042061375
15.635903441976405,6.2466353677621447,0.025371211123678222
15.674232385520687,6.2506878306878351,0.025721796538468528
15.712563093782236,6.2156657963446493,0.025100823354871453
15.750895571294214,6.2403361344537691,0.025283833827543921
15.78922982259162,6.2603991596638648,0.026147551198072345
15.827565852211292,6.2200413223140556,0.02522756039120954
15.865903664691929,6.26736292428198,0.025173396044815385
15.904243264574069,6.2244329896907171,0.024657393083842953
15.942584656400117,6.2270887389724976,0.025456176346868389
15.980927844714344,6.2226899383983572,0.025045337922971003
16.019272834062885,6.2377066115702489,0.025043291183543277
16.057619628993756,6.198261758691209,0.024976622238586824
16.095968234056837,6.2201134605466635,0.025195707987948755
16.134318653803913,6.1524390243902438,0.024600004178159596
16.172670892788652,6.2075025693730765,0.024925090760511585
16.211024955566607,6.2325252525252459,0.025248585551265197
16.249380846695249,6.2112919633774135,0.025140543633715907
16.287738570733946,6.1951466127401327,0.024726955103527595
16.326098132243974,6.145592705167175,0.024508274787811084
16.364459535788523,6.1691687657430689,0.025081281364755029
16.402822785932724,6.1065598397596457,0.024027915497454862
16.441187887243608,6.1503241895261951,0.024760266845012587
16.479554844290156,6.0912738214644042,0.024492322147983549
16.517923661643277,6.1245490981963906,0.024567597626653861
16.556294343875837,6.0434782608695521,0.024443452461981464
16.594666895562629,6.0646999999999842,0.024704250646396839
16.633041321280416,6.0769920318725053,0.02455861044963072
16.671417625607909,5.9893849206349259,0.024314057469960803
16.709795813125787,6.0298638132295741,0.024296682305695712
16.7481758884167,6.0217456359102073,0.024440327710505423
16.786557856065272,6.0202729044834316,0.024194127344984474
16.8249417206581,5.9740157480315057,0.02435024252176192
16.863327486783771,6.0614492753623122,0.024219718956724874
16.901715159032864,5.9699901283316885,0.024074932713969717
16.940104741997956,5.9447098976109087,0.024015040213153246
16.978496240273614,5.9401860009789651,0.023810190194351925
17.016889658456421,5.9407766990291186,0.023467949436800296
17.055285001144966,5.8971953578336525,0.023855097839646431
17.093682272939859,5.897829232995651,0.023531270575090996
17.132081478443723,5.9112621359223283,0.023815516170009057
17.170482622261233,5.8802492809204292,0.023943898312648641
17.208885708999063,5.8298379408960939,0.023099607034636524
17.247290743265953,5.832390991854342,0.023128134247510569
17.285697729672673,5.8408437200383521,0.023497758298927619
17.324106672832045,5.7943459511260063,0.0234721248789105
17.362517577358954,5.8018000947418287,0.023258491782677637
17.400930447870326,5.7834364588291347,0.023392738411893439
17.439345288985166,5.7467544684854177,0.023147690690894864
17.477762105324555,5.69513358778626,0.022730261436630379
17.516180901511639,5.6759433962264154,0.022827264743370729
17.554601682171647,5.7261826697892371,0.023017443803781453
17.5930244519319,5.6709859154929463,0.02309257908695183
17.631449215421803,5.6886501634750051,0.023254624568362036
17.669875977272877,5.653738317757016,0.022774801619005344
17.708304742118727,5.6241523455643234,0.023001259828058864
17.746735514595066,5.5849883449883455,0.022635172899962384
17.785168299339748,5.6107856810785606,0.022790441585731538
17.823603100992713,5.5914139057396079,0.022625232959203861
17.862039924196054,5.5679516953088664,0.022529723367646352
17.900478773593978,5.5149404216315308,0.022188206782357483
17.938919653832823,5.5487037037037,0.022854339110693102
17.977362569561091,5.5354720439963261,0.022640614953599685
18.015807525429413,5.5021139705882325,0.022180462722376216
18.054254526090585,5.4583032490974768,0.022009173384479268
18.092703576199543,5.4677919708029252,0.021655825364802123
18.13115468041341,5.4356001825650457,0.021966109847040248
18.169607843391461,5.43868274582561,0.021969103992115931
18.208063069795156,5.4197249881460428,0.022543525432062634
18.246520364288127,5.3934379457917272,0.022446343693216048
18.2849797315362,5.406467181467181,0.0227165411360539
18.323441176207385,5.3415414444983,0.02260624374330791
18.361904702971891,5.3730788056779186,0.022719819804748253
18.400370316502141,5.3400686611083872,0.022910681636303391
18.438838021472744,5.3236309817464269,0.022657357158274834
18.477307822560547,5.3230769230769166,0.022902782216803357
18.5157797244446,5.2480000000000011,0.022669409984881456
18.554253731806178,5.2601699150424848,0.022669383991502784
18.592729849328798,5.2534872052182688,0.022763698159555725
18.631208081698205,5.2276104417670712,0.022951925813183852
18.669688433602385,5.178048780487809,0.022561204496019064
18.708170909731578,5.2324242424242433,0.022500212562339833
18.746655514778276,5.135823950870015,0.023092034323984659
18.785142253437211,5.1462868769074275,0.022564557786193436
18.82363113040541,5.0825819672131152,0.022701898620028325
18.862122150382149,5.160887096774184,0.022423714837706735
18.90061531806899,5.11027082268779,0.0225883646043799
18.939110638169758,5.084686536485103,0.022394794843558802
18.977608115390595,5.0851832731027331,0.023055951220802513
19.016107754439911,5.0790866632070548,0.022957627919374762
19.054609560028428,4.9947314049586762,0.022365642833886826
19.093113536869158,5.0253138075313908,0.022648798760477869
19.131619689677443,5.010657009829286,0.022674546544877935
19.170128023170918,5.0004140786749547,0.022452554661808267
19.208638542069554,4.9961498439125895,0.022626035123672887
19.247151251095644,5.00527950310559,0.0226886445802065
19.285666154973821,4.9650659630606917,0.02263144835997306
19.324183258431038,4.9289144050104339,0.022483697844732666
19.362702566196617,4.9491863517060279,0.022505302873362085
19.401224083002205,4.944161358811046,0.022628652897405573
19.439747813581825,4.8989615784008222,0.022491238596337726
19.478273762671844,4.8824533333333315,0.022243900537250907
19.51680193501101,4.848535564853556,0.021941109023735229
19.555332335340434,4.8203243243243223,0.022439529974543865
19.593864968403622,4.8052396878483847,0.022411631628480252
19.632399838946437,4.8194570135746684,0.022755699521916757
19.670936951717156,4.8012709416522164,0.023292877087281484
19.709476311466442,4.7736263736263789,0.02288251729847033
19.748017922947362,4.7859712230215878,0.024045027938967067
19.786561790915396,4.79511904761905,0.023493135968655252
19.825107920128421,4.769379144062686,0.023854117752494249
19.863656315346752,4.7540173053152088,0.023818154312276702
19.902206981333112,4.7124317768344532,0.023480283559775657
19.940759922852681,4.7094736842105211,0.023823966948106207
19.979315144673048,4.71125078566939,0.023527218515779724
20.017872651564257,4.7082914572864372,0.024055082703319439
20.056432448298796,4.63863490019317,0.024304358337207479
20.094994539651623,4.6739409499358224,0.024107030791362116
20.133558930400131,4.6265013054830311,0.02416025525237828
20.172125625324203,4.6213125406107842,0.024055454967095845
20.210694629206181,4.5371134020618538,0.023929201402777375
20.249265946830889,4.564533333333336,0.024266849816158651
20.28783958298563,4.5066056245912387,0.024001814140927405
20.326415542460207,4.5364625850340188,0.024046825223357222
20.36499383004691,4.565988181221269,0.024084918188557292
20.403574450540539,4.5601355932203349,0.024484433903828
20.442157408738385,4.5569775357386009,0.024317019800617193
20.480742709440278,4.48930987821381,0.024001117858098421
20.519330357448549,4.5310901749663595,0.024125144772866477
20.557920357568058,4.4980742778541893,0.024324666225025576
20.596512714606202,4.4334682860998713,0.02378559259519324
20.635107433372912,4.4288688410825827,0.024075399388284256
20.673704518680662,4.3819425444596476,0.024200070523614288
20.712303975344469,4.3797362942401037,0.024187754988938718
20.750905808181933,4.4011088011088031,0.02438397560070827
20.789510022013175,4.3520604395604341,0.024105870947317528
20.828116621660921,4.3225579761068182,0.024054886654981456
20.866725611950443,4.3640190088255251,0.023846224929012283
20.905336997709611,4.3084556254367588,0.023963445112117124
20.943950783768869,4.2576033637000732,0.024104072495457457
20.982566974961266,4.2412543554007005,0.024329441385327961
21.021185576122434,4.2735356386732555,0.023920555695292025
21.05980659209062,4.1992907801418431,0.024683296528395002
21.098430027706673,4.2110573600552925,0.023798623654222695
21.137055887814068,4.2116642958748214,0.023952343609786826
21.175684177258894,4.16521739130434,0.02381030687987571
21.214314900889875,4.1453895639742706,0.02372089994229995
21.25294806355836,4.1383070301291278,0.0239172638882191
21.291583670118353,4.08429282160626,0.023891171043753118
21.33022172542649,4.1402919708029193,0.024290672340367244
21.36886223434206,4.0632258064516122,0.023865047109305561
21.407505201727034,4.010249110320288,0.023654748322431828
21.446150632446024,3.9989773557341133,0.023843679684367364
21.484798531366319,4.0191019244476145,0.023196972894435331
21.523448903357895,4.0111111111111093,0.023535526057885746
21.562101753293394,3.9525893508388097,0.02392325343919266
21.600757086048173,4.0037410071942459,0.023756698542417874
21.63941490650026,3.9143274853801104,0.023869393721588934
21.678075219530395,3.8773218142548584,0.023270071017115562
21.716738030022039,3.9585714285714233,0.0235456569070322
21.755403342861349,3.8551572787125159,0.02328515193250361
21.794071162937222,3.7818830242510724,0.023158224131526944
21.832741495141256,3.7946024799416516,0.023141933272627754
21.87141434436781,3.7666424945612813,0.023112350416842186
21.910089715513966,3.761729270021267,0.022709715137097589
21.948767613479557,3.7744252873563187,0.023376308733727258
21.98744804316717,3.7043293115684857,0.022502591073690077
22.026131009482153,3.6860795454545441,0.022653912140708169
22.064816517332609,3.6785919540229823,0.022684320111345434
22.103504571629426,3.6400570206699947,0.022492016319161142
22.142195177286251,3.6225691980127777,0.022540612434851445
22.180888339219543,3.5446351931330455,0.022605983117683741
22.219584062348517,3.5488469601677095,0.02243349850703932
22.258282351595216,3.5408707865168512,0.022298753519743558
22.296983211884463,3.531489361702135,0.021922122335985117
22.335686648143902,3.50888415067519,0.022284821931469554
22.374392665303997,3.4943369175627264,0.022267960791803775
22.413101268298021,3.4909865152590478,0.021813340198493725
22.451812462062083,3.4468380820013893,0.021841060254460753
22.490526251535126,3.4059829059829068,0.021539196387771714
22.529242641658932,3.3717747683535273,0.0218718127078426
22.56796163737814,3.3856338028168991,0.021759309868631747
22.606683243640223,3.3108742004264409,0.021691886939633052
22.645407465395536,3.2985673352435572,0.022055360924116783
22.684134307597294,3.2529204785362431,0.021031043878229828
22.722863775201578,3.2816761363636413,0.021549049209265522
22.761595873167362,3.238549075391179,0.021195833749395671
22.800330606456484,3.2200706713780898,0.0214035126143617
22.839067980033711,3.1820256776034195,0.020971255799633323
22.877807998866668,3.1805895039539944,0.021186917827150945
22.916550667925915,3.1352313167259749,0.021090206220411242
22.955295992184919,3.1549789621318367,0.020887965240679787
22.994043976620056,3.1330000000000005,0.021402364927497974
23.032794626210638,3.0628939828080211,0.020756093766524503
23.0715479459389,3.047652916073968,0.020794425964841688
23.110303940790018,2.9900862068965468,0.020613184829686795
23.149062615752122,2.9676781933662673,0.020179537789090759
23.187823975816276,2.9585279547062973,0.0206902000655322
23.226588025976518,2.9564342199856224,0.020499574681097317
23.265354771229845,2.8924946390278747,0.020091243891472748
23.304124216576231,2.9276716206652442,0.020212393520593157
23.342896367018611,2.8792480115690595,0.020362231303344726
23.381671227562919,2.8145299145299156,0.019985455462541015
23.420448803218079,2.81030345800988,0.019377021512005443
23.459229098996012,2.7924231593995721,0.019694421265036705
23.498012119911643,2.8172290021536242,0.020292387358569693
23.536797870982898,2.7748391708363092,0.0198872717795902
23.575586357230733,2.7226319595083135,0.019806724336527186
23.614377583679129,2.715901060070669,0.019317216808133888
23.653171555355094,2.7213675213675197,0.019387877812933413
23.691968277288669,2.6627758007117404,0.019072608369473831
23.730767754512943,2.6795355587808456,0.019528192669018046
23.76956999206406,2.6317823908375075,0.019415477174705438
23.808374994981218,2.6054285714285754,0.019121256469688153
23.847182768306677,2.5753173483779981,0.018981257466775515
23.885993317085784,2.6118582791033984,0.0192506678784416
23.924806646366935,2.5581792318634395,0.019065942799795007
23.963622761201645,2.5321888412017124,0.019049219760662772
24.002441666644483,2.4998538011695923,0.018905493037063431
24.041263367753153,2.5066011235955061,0.018603056954829705
24.080087869588436,2.4825531914893628,0.018711042555813819
24.118915177214241,2.4461762563729121,0.018936635105608127
24.157745295697595,2.453049645390073,0.018440534624504856
24.196578230108642,2.3981362007168467,0.018359093307882175
24.235413985520662,2.36856725146199,0.018454670892220172
24.274252567010077,2.3665734265734248,0.018245718801531946
24.31309397965645,2.3742897727272716,0.018003105631275589
24.3519382285425,2.3601744186046485,0.018734219066580068
24.390785318754123,2.3223104693140812,0.018364915805535533
24.429635255380333,2.2924393723252443,0.017902285281241794
24.468488043513378,2.2924594785059895,0.01769398711935188
24.507343688248639,2.2843478260869539,0.018005168573443513
24.54620219468471,2.2506075768406,0.017777602924042641
24.585063567923374,2.2380816034359317,0.017884606568638786
24.623927813069606,2.226193921852389,0.017835845091143006
24.6627949352316,2.2146170063246671,0.017628289045592691
24.701664939520768,2.1894511760513158,0.018016016587817069
24.740537831051721,2.1573082489146138,0.017666244312829319
24.779413614942335,2.1726164874551981,0.017747691039935502
24.818292296313686,2.1608914450035979,0.017662894512649796
24.857173880290119,2.1292700212615152,0.016949754331355631
24.896058371999214,2.1163688348820591,0.017339667256439491
24.934945776571819,2.1107758620689623,0.017263515483192271
24.973836099142034,2.0895803183791646,0.017013114711884204
25.012729344847248,2.0992114695340534,0.017201313958122345
25.051625518828093,2.066196189131968,0.016985639951317955
25.090524626228543,2.0686652391149183,0.0170378764703616
25.129426672195798,2.0096195262024361,0.0169223731206404
25.168331661880416,2.0145137880986943,0.01717601199306127
25.207239600436218,2.0017155110793423,0.016855860301605526
25.246150493020359,1.997605633802819,0.016723535853940794
25.28506434479333,1.9660000000000004,0.016408061731841391
25.323981160918905,1.962464183381093,0.016447590416694729
25.362900946564242,1.9527456647398826,0.016839446005203675
25.401823706899798,1.9458571428571478,0.016536601333813086
25.440749447099417,1.9246624022743422,0.016280263683429479
25.479678172340272,1.8954967834167238,0.016476325665774567
25.51860988780291,1.9130807719799872,0.016620819688649532
25.55754459867126,1.9148997134670498,0.016376617809849933
25.5964823101326,1.8880512091038433,0.016080261611361911
25.635423027377623,1.8782608695652172,0.016523700790696615
25.674366755600396,1.8413199426111868,0.016380019336363776
25.713313499998392,1.8536376604850207,0.015930298564166435
25.752263265772491,1.8385559566787002,0.016090880839585705
25.791216058126981,1.8410689170182863,0.015703724586311453
25.830171882269589,1.8666666666666702,0.016261168882600725
25.869130743411439,1.8291845493562251,0.016245200562911594
25.908092646767134,1.8323741007194261,0.016198716819009907
25.947057597554679,1.7995756718528972,0.015867136898069189
25.986025600995553,1.7829181494661903,0.015826019295500541
26.024996662314681,1.7582857142857113,0.015349333562611974
26.063970786740466,1.7813886900501086,0.016029884844542465
26.102947979504769,1.7643874643874684,0.015672105458091227
26.141928245842944,1.7980239943542689,0.015873440699516773
26.180911590993833,1.7443888491779853,0.015632972204672534
26.219898020199754,1.7176470588235284,0.015671322381241724
26.258887538706549,1.7199714693295303,0.015717460650979242
26.29788015176355,1.7106864826610042,0.015362123849381645
26.336875864623636,1.7512820512820517,0.015434326670943266
26.375874682543159,1.7165836298932382,0.01548365818939933
26.414876610782059,1.6971469329529258,0.015603433853210053
26.453881654603784,1.7095541401273873,0.015318372839287575
26.492889819275334,1.7008522727272746,0.01540358356847631
26.531901110067263,1.6997861724875265,0.015502781393535324
26.570915532253686,1.6963649322879537,0.01560924567947799
26.609933091112293,1.7203124999999988,0.015458500809852902
26.648953791924342,1.6638928067701,0.015447990488116289
26.68797763997469,1.6486486486486494,0.015226464838264172
26.727004640551762,1.6710227272727296,0.015340909090909082
26.7660347989476,1.6608262108262113,0.015149691524989099
26.805068120457864,1.6440225035161755,0.015128215225314373
26.844104610381788,1.6429184549356215,0.015248975289432304
26.883144274022278,1.6376153300212914,0.014992808277846537
26.922187116685823,1.6356633380884433,0.014980300155079614
26.961233143682588,1.650000000000001,0.014893392677955045
27.000282360326356,1.6129353233830828,0.015158100287570329
27.03933477193457,1.6662402274342576,0.015275945100108775
27.078390383828353,1.636898779612348,0.015262571414716786
27.117449201332459,1.627932960893854,0.014985844782142287
27.156511229775347,1.6570218772053669,0.015280672869317915
27.195576474489148,1.6935689045936402,0.015408953650847499
27.234644940809691,1.7140413399857439,0.015468006303128168
27.273716634076482,1.7747722494744216,0.015877989108515424
27.312791559632768,1.8338766832034021,0.016213987930494698
27.351869722825469,1.8870422535211258,0.016268977443531077
27.390951129005273,1.8889522451888776,0.01638166238240843
27.430035783526556,1.8955431754874681,0.016278590616903722
27.469123691747455,1.8892025405786874,0.016161673731147363
27.508214859029849,1.834807417974325,0.016363527213385284
27.54730929073936,1.7842776203966029,0.015849788737768187
27.586406992245383,1.744621790423313,0.015678332147028112
27.625507968921074,1.7307152875175293,0.015522785317403469
27.664612226143365,1.6396306818181814,0.015435315576370578
27.703719769292981,1.612589413447781,0.014931606737139823
27.742830603754427,1.6087439278278974,0.015246342482660895
27.781944734916028,1.5819336626676073,0.014651051158805004
27.821062168169881,1.5833566433566426,0.014773296219440809
27.860182908911938,1.5731175228712182,0.014715526234348535
27.899306962541942,1.5340306834030679,0.014438683293183718
27.938434334463508,1.5451957295373644,0.014598557062762647
27.977565030084033,1.5469214437367289,0.015054527520299102
28.016699054814815,1.562030598052853,0.014667718112083139
28.055836414070992,1.5469728601252632,0.014654811995029554
28.094977113271543,1.5418719211822651,0.014661243254469816
28.134121157839356,1.5494366197183114,0.014842958932605878
28.173268553201154,1.5496161898115843,0.014407581996079581
28.212419304787591,1.534035087719299,0.014388189815113635
28.251573418033193,1.5145877378435553,0.014338964023520643
28.290730898376388,1.5226760563380268,0.014966072852941593
28.329891751259531,1.5309441764300473,0.01446325701768145
28.369055982128881,1.527183787561146,0.014590619307449863
28.408223596434635,1.551233262861172,0.014786732596872956
28.447394599630922,1.5248266296809996,0.014447730003191141
28.486568997175812,1.5255749128919867,0.014461903227986909
28.52574679453134,1.5278825995807142,0.014697995442647887
28.564927997163473,1.5320056899004248,0.014553456755879719
28.604112610542188,1.5453433038749143,0.014404587468377581
28.643300640141405,1.5575715282623879,0.014678808919119568
28.682492091439048,1.543650242886883,0.014570238617839851
