# 1D Dataset
# Length: 748
# X, Y [, YError]
# Units: X [°], Y [cts]
0.018985906935894994,3,0.58736700622353655
0.056957722892410224,8.3142857142857132,0.54809503123573933
0.094929545103103266,8.9142857142857146,0.3581414610491907
0.13290137773743285,17.105263157894733,0.4388350228563333
0.170873224964868,15.22758620689655,0.33357502137755946
0.20884509095489218,14.746666666666668,0.22607766610417562
0.24681697987700743,22.020512820512824,0.21988581102070096
0.2847888959007383,14.573333333333332,0.23758039574940615
0.32276084319563647,15.308000000000002,0.20111688143962456
0.36073282593128403,10.551612903225807,0.16279939201220056
0.39870484827729841,9.16271186440678,0.1802994731792841
0.43667691440333628,6.75135135135135,0.13043165958933681
0.47464902847909735,7.4493506493506523,0.19738550848793063
0.51262119467432865,16.458536585365852,0.35304825392774236
0.550593417158829,2.3483146067415732,0.069916176117321552
0.58856570010245279,2.946236559139785,0.068175774125364991
0.6265380476751139,22.332710280373821,0.23806657094223063
0.66451046404679037,9.651428571428573,0.15143755588800725
0.7024829533875282,5.6730434782608681,0.091449160522677639
0.74045551986744529,3.6857142857142846,0.063909759132206867
0.77842816765673584,2.9857142857142853,0.065369080260234955
0.81640090092567474,2.1999999999999997,0.045968018960098653
0.85437372384462118,1.9067669172932331,0.050906198134769196
0.89234664058402269,1.7675675675675671,0.045816590562607243
0.93031965531441985,1.3302013422818786,0.040447031337770091
0.96829277220644983,1.2434782608695647,0.040041643382077496
1.0062659954308515,1.0895705521472387,0.035551075323804714
1.0442393291584673,1.2048192771084338,0.039096339131537233
1.0822127775602506,1.1711111111111103,0.034729999129083963
1.1201863448072669,1.098876404494382,0.033632875386732063
1.1581600350707,1.1005235602094239,0.031439779677492008
1.1961338525218552,1.018085106382979,0.033573901783105313
1.2341078013321625,1.0865671641791046,0.031817466577750225
1.2720818856731833,1.0222222222222219,0.032314682160398435
1.3100561097166115,0.97692307692307712,0.029730047757192898
1.3480304776342806,1.0009049773755656,0.030313365112116256
1.3860049935981651,0.94107142857142811,0.0272138404538003
1.4239796617803864,0.90218340611353764,0.02789979536238129
1.4619544863532157,0.953469387755102,0.028083293733501359
1.4999294714890805,0.92735042735042761,0.027343749184694677
1.5379046213605652,0.89343629343629327,0.026390745159281952
1.575879940140418,0.88960000000000006,0.026150334605889843
1.6138554320015539,0.91547169811320672,0.02521816520242056
1.6518311011170592,0.85735294117647032,0.024409106871614458
1.689806951660195,0.86074074074074081,0.024578755589684535
1.7277829878044026,0.8229166666666663,0.0235446368168954
1.7657592137233058,0.8697841726618708,0.025829241828800344
1.8037356335907171,0.8940397350993381,0.023831859888008722
1.8417122515806394,0.83946488294314381,0.023554270049042144
1.8796890718672736,0.86490066225165518,0.022988814513522884
1.9176660986250182,0.83157894736842064,0.022187582498042015
1.9556433360284782,0.8490322580645161,0.023032348423063023
1.993620788252465,0.88072289156626393,0.023755113437506442
2.0315984594720042,0.850920245398773,0.023349180655196405
2.069576353862336,0.81982507288629747,0.021519116136729962
2.1075544755989242,0.86358381502890147,0.021827985651444171
2.1455328288574536,0.83410404624277368,0.02171287857918261
2.1835114178138415,0.86166666666666636,0.021570298509241317
2.2214902466442363,0.8556179775280901,0.020614992283043566
2.2594693195250253,0.83333333333333381,0.021001359033851162
2.2974486406328349,0.82295081967213068,0.020351064972170579
2.3354282141445393,0.84157894736842076,0.021164178171455907
2.3734080442372614,0.837373737373737,0.02000535587912966
2.411388135088377,0.86387434554973774,0.021955221304986137
2.4493684908755231,0.87121951219512184,0.021003951357669269
2.4873491157765946,0.8413965087281795,0.021233648835319714
2.5253300139697563,0.8328571428571433,0.019980148878483109
2.5633111896334411,0.78225419664268581,0.019139635433318869
2.6012926469463573,0.82446043165467664,0.019526333799349916
2.6392743900874911,0.83006833712984,0.019220977776518447
2.677256423236114,0.82122641509434,0.019875793564316391
2.7152387505717819,0.81460176991150479,0.018660294587574833
2.7532213762743423,0.86313465783664467,0.019242054598093528
2.7912043045239385,0.85701754385964912,0.019288274936224589
2.8291875395010138,0.84638297872340429,0.019151300090494629
2.8671710853863139,0.87699115044247744,0.019731239063277263
2.9051549463608941,0.86354378818737343,0.01826192405006917
2.943139126606118,0.90675105485232066,0.019092535606327045
2.98112363030367,0.89836734693877551,0.018644172400908172
3.0191084616355508,0.8494929006085199,0.018076653029745485
3.0570936247840876,0.87741935483870948,0.018464924422347286
3.0950791239319351,0.87283236994219615,0.018119950590379588
3.1330649632620808,0.87327935222672071,0.018431060145894809
3.1710511469578506,0.87374301675977661,0.018321599815640743
3.2090376792029085,0.8862068965517238,0.018766125511507237
3.2470245641812663,0.87142857142857189,0.017796692298563357
3.2850118060772835,0.86927374301675964,0.017754467689464492
3.3229994090756749,0.90885122410546115,0.018553490337853588
3.3609873773615089,0.86913580246913624,0.016887067659380361
3.3989757151202213,0.9003649635036487,0.018009386556898311
3.43696442653761,0.89337979094076747,0.017515426797988589
3.4749535157998444,0.86537102473498229,0.017294645008502169
3.5129429870934663,0.91103327495621766,0.017400689805077731
3.5509328446053989,0.8908474576271197,0.017496254780425689
3.5889230925229469,0.90680628272251229,0.017787354005222921
3.6269137350338014,0.92360655737704878,0.017285561827009167
3.6649047763260425,0.92466216216216324,0.017432236013978291
3.7028962205881504,0.88770226537216868,0.01691383630114986
3.7408880720090019,0.88848684210526319,0.017401595610127076
3.7788803347778752,0.89477124183006518,0.0172600383521634
3.816873013084459,0.9229583975346678,0.016798602984168073
3.8548661111188522,0.95089430894309024,0.017188153270864048
3.8928596330715726,0.93611111111111189,0.017067650077405561
3.9308535831335534,0.89798449612403075,0.016905624277251462
3.9688479654961579,0.95207373271889362,0.017102507723154275
4.0068427843511722,0.94072948328267525,0.016943755297469602
4.0448380438908185,0.94380664652567969,0.01674353930805934
4.082833748307757,0.95124816446402327,0.01664967727818898
4.1208299017950853,0.96909361069836508,0.016481931202213439
4.1588265085463485,0.95568513119533516,0.016224692802305006
4.1968235727555419,0.95941176470588285,0.016747927620597583
4.2348210986171138,0.95738636363636442,0.016234248166547723
4.2728190903259691,0.96203966005665775,0.01643181591633856
4.3108175520774763,0.950352609308886,0.016098767924829657
4.3488164880674685,0.96536312849162131,0.016624219012700021
4.3868159024922511,0.98156424581005586,0.016187867824341642
4.4248157995486048,0.988493150684931,0.016270835913754788
4.4628161834337847,0.99098360655737749,0.016403685324745482
4.5008170583455351,1.0119241192411932,0.016670521950384487
4.53881842848208,1.02729658792651,0.016386867484291814
4.5768202980421444,0.9895721925133687,0.016337532917826331
4.61482267122494,1.0058588548601868,0.016166231915607121
4.6528255522301833,1.0127107652399474,0.016286731156775352
4.690828945258092,0.98575129533678818,0.015691228870961589
4.7288328545093954,0.9907928388746795,0.01603215448915863
4.76683728418533,1.0671794871794862,0.016580645862737341
4.8048422384876588,1.0247499999999996,0.016138076093512504
4.8428477216186518,1.029150823827631,0.015961532564188738
4.8808537377811145,1.0529702970297043,0.015733892929812088
4.91886029117838,1.0572839506172842,0.015886159559150514
4.956867386014312,1.0459657701711489,0.015930929458870906
4.9948750264933137,1.0329723225030083,0.015522999274702359
5.0328832168203288,1.0527577937649875,0.015557987130272019
5.0708919612008492,1.0518072289156621,0.015824006670558645
5.1089012638409166,1.0720848056537093,0.015932003221588588
5.1469111289471252,1.0480769230769236,0.015582412375617152
5.1849215607266315,1.0591224018475753,0.015827024220895495
5.2229325633871513,1.0898850574712633,0.015570364579475911
5.2609441411369717,1.0671312427409985,0.015723686876441743
5.2989562981849474,1.0503972758229274,0.015098614717862877
5.3369690387405111,1.0847031963470315,0.015536022222210608
5.3749823670136747,1.1364653243847864,0.015755540815802216
5.4129962872150355,1.110407239819005,0.016033845827965586
5.4510108035557758,1.1358613217768156,0.015398342799081114
5.4890259202476752,1.1371937639198206,0.016079653761908265
5.5270416415031054,1.144287268770402,0.015778394802487571
5.5650579715350457,1.1370491803278695,0.015960026509262294
5.6030749145570722,1.1500000000000012,0.015908926840128228
5.6410924747833784,1.1641188959660274,0.015723441648122446
5.6791106564287661,1.1559829059829063,0.015340779190537841
5.71712946370866,1.1595833333333343,0.015519784640186754
5.7551489008391,1.1857749469214427,0.015866848740155703
5.7931689720367627,1.1903292181069964,0.015610084711607106
5.8311896815189472,1.1785416666666675,0.015789412767913659
5.86921103350359,1.1837780149413037,0.016306721338202962
5.9072330322092688,1.2184133202742415,0.015622476571897951
5.9452556818552047,1.1906735751295341,0.015541277819952451
5.9832789866612615,1.2157370517928299,0.015411556416321881
6.0213029508479625,1.2129098360655732,0.015882800019791546
6.0593275786364833,1.2293542074363981,0.015238449874792706
6.0973528742486591,1.2396856581532407,0.015685134503899443
6.1353788419069932,1.2237524950099796,0.015338123316118222
6.1734054858346576,1.2533073929961092,0.015578786940986432
6.2114328102554959,1.2810126582278507,0.015693955348088959
6.2494608193940291,1.2551463644948082,0.015365497589031836
6.2874895174754633,1.2666011787819251,0.016027148007475862
6.3255189087256873,1.3080264400377717,0.01593468681068012
6.3635489973712822,1.2857142857142856,0.015181649384399807
6.4015797876395251,1.2946462715105149,0.015598123013011882
6.4396112837583894,1.2834572490706309,0.015500120252334097
6.4776434899565549,1.3319351763584382,0.01603566722845701
6.5156764104634046,1.3154398563734315,0.015331968263323541
6.5537100495090383,1.3162790697674416,0.015708540597441239
6.5917444113242718,1.3321201091901718,0.015407468963433445
6.6297795001406366,1.3184306569343078,0.01565465843633021
6.6678153201903925,1.3620596205962072,0.0156937375853846
6.7058518757065295,1.3554367201426027,0.015519286174459093
6.7438891709227686,1.3571555555555581,0.015369811681055508
6.7819272100735706,1.3810451727192186,0.015308183848347805
6.8199659973941342,1.3871543264942006,0.015475131414330438
6.8580055371204107,1.4204861111111111,0.01560473222532425
6.8960458334890964,1.4020979020978999,0.015571222065842964
6.9340868907376469,1.4271068635968729,0.015973817667466087
6.97212871310427,1.430059777967553,0.015692631423856736
7.0101713048279493,1.4582690659811475,0.015776235095616178
7.0482146701484236,1.4662150719729052,0.015737068757053538
7.086258813306209,1.5014394580863681,0.016096526138700405
7.1243037385426,1.4843776106934008,0.015403965397214354
7.1623494500996694,1.4824811399832365,0.015600858506798772
7.2003959522202763,1.5305369127516784,0.015913967384401848
7.2384432491480695,1.5243642329778502,0.015863860051501619
7.2764913451274884,1.5444535743631891,0.015767509764082106
7.3145402444037755,1.543371522094928,0.015897112006708486
7.3525899512229724,1.5681229773462773,0.015868746498922077
7.3906404698319257,1.5651821862348181,0.015995950904654867
7.4286918044782988,1.5711987127916334,0.015773227267131085
7.4667439594105645,1.6091713596138391,0.0162175164523057
7.5047969388780222,1.6131868131868146,0.016015636728234646
7.542850747130788,1.6359712230215824,0.015708196782819
7.5809053884198088,1.6240755310778923,0.016030672433179318
7.6189608669968711,1.6334636434714633,0.016080503362942228
7.6570171871145867,1.6650470219435733,0.016025448139139777
7.6950743530264187,1.6728527607361949,0.016039161303559958
7.73313236898667,1.6857364341085288,0.016243223730788136
7.7711912392504967,1.6996946564885513,0.016094021864357263
7.80925096807391,1.736074476338249,0.016441001928874606
7.8473115597137779,1.7302464525765504,0.016156661611657182
7.8853730184278321,1.7785932721712561,0.016391194826815687
7.9234353484746745,1.7730855018587361,0.016126118110075104
7.9614985541137751,1.8055513878469616,0.016350991124261863
7.9995626396054851,1.8040449438202235,0.016491993826434848
8.037627609211027,1.8192788815305316,0.016304021989514084
8.0756934671925222,1.84749063670412,0.016425857859111048
8.11376021781297,1.8613832853025962,0.016506265267978125
8.1518278653362728,1.877182685253119,0.016469344851901456
8.189896414027217,1.8976878612716721,0.016743997095626441
8.22796586815151,1.8924198250728888,0.01632620522374623
8.266036231975761,1.9541875447387294,0.016611642531544377
8.3041075097674746,1.9625629949604031,0.016548342473649578
8.3421797057950879,1.997727272727275,0.016952873577085983
8.380252824327961,1.9970318021201421,0.016787985493848034
8.4183268696363651,1.9994310099573269,0.016765002185646537
8.45640184599151,2.0316886726893633,0.01673490492752662
8.49447775766553,2.0766407904022568,0.016901573935633209
8.53255460893151,2.0524861878453033,0.016483115465495479
8.5706324040634687,2.0606944444444406,0.01692023543819501
8.6087111473363684,2.1050615595075239,0.016789244471454953
8.6467908430261353,2.1128275862068984,0.01660222181884807
8.684871495409638,2.1572498298162017,0.016946615195963011
8.7229531087647079,2.1519945909398261,0.017109225859564235
8.7610356873701445,2.1971467391304329,0.017193272144696247
8.7991192355057155,2.2292452830188649,0.017519438091807206
8.837203757452162,2.2324037184594947,0.016982323230460648
8.8752892574911968,2.2417950435365017,0.0173531813988167
8.91337573990552,2.3003331112591621,0.017625835571571019
8.95146320897882,2.3080687830687832,0.017220677927170139
8.98955166899577,2.3280312907431537,0.017260454791306782
9.0276411242420451,2.3717305151915449,0.017407955453577838
9.0657315790043143,2.3927741935483891,0.017312455742307151
9.1038230375702565,2.4158236057068705,0.017795146963571977
9.1419155042285531,2.414046391752577,0.0174333810090997
9.1800089832689071,2.4960872354073125,0.017860761850424574
9.2181034789820266,2.4797672915319997,0.0177595266305473
9.2561989956596555,2.4957888120678837,0.017600565611818227
9.2942955375945537,2.5338028169014093,0.01801218408727407
9.33239310908052,2.6015141955835959,0.017970775733493882
9.3704917144123776,2.6084489281210583,0.0180706663063902
9.4085913578860048,2.6366110080395786,0.018036940827705326
9.4466920437983131,2.6405833861762886,0.018324728486459947
9.4847937764472636,2.7016822429906511,0.017906242884096063
9.5228965601318745,2.7756962025316509,0.018651674303778759
9.5610003991522223,2.805901218729959,0.018430345069160994
9.5991052978094462,2.8117346938775545,0.018954098799673583
9.6372112604057438,2.90205391527599,0.019324651024843705
9.6753182912443911,2.902310654685496,0.018994812769021853
9.7134263946297441,2.9351804123711309,0.018940888057536256
9.7515355748672246,2.9642625081221592,0.019441994750646445
9.78964583626336,2.9961265332472533,0.019217192942369829
9.8277571831257475,3.0320413436692566,0.019430167224022125
9.8658696197630871,3.0928062216461432,0.019731915910831087
9.9039831504851783,3.1191946308724829,0.020159268545346828
9.9420977796029213,3.1533022014676471,0.020179210362174353
9.9802135114283157,3.1922131147540962,0.020751316655635569
10.018330350274489,3.1868693849343472,0.02107843248052085
10.056448300455676,3.2328005559416275,0.02074796567996991
10.094567366287233,3.2664800559832066,0.021178565594670535
10.132687552085633,3.3215658362989298,0.02139497517416427
10.170808862168498,3.3653710247349862,0.021156843611815732
10.208931300854569,3.354021352313167,0.021726262818710412
10.247054872463734,3.3867625899280602,0.02186411303832
10.285179581317017,3.4070200573065876,0.021899863612349767
10.3233054317366,3.4896451846488046,0.022229206493091829
10.361432428045806,3.5108049311095,0.0224458791845141
10.399560574569128,3.5635562086700943,0.022769546664473585
10.437689875632211,3.5897026831037,0.022661087743238838
10.475820335561869,3.6326199261992667,0.022443434188741982
10.513951958686086,3.6701470588235283,0.022779644361399343
10.552084749334028,3.7210096510764621,0.023219620255173996
10.590218711836028,3.7218424962852854,0.02308578108889775
10.62835385052362,3.767535368577815,0.023135193483560718
10.666490169729512,3.7745673438675693,0.0232589639068077
10.704627673787614,3.8433807030665652,0.023393528951082394
10.742766367033031,3.8960960960960969,0.024183032342688569
10.780906253802076,3.9368740515933163,0.024015305099663768
10.819047338432261,3.9328798185941043,0.024109141935451044
10.857189625262318,3.9716840536512681,0.023676050072283156
10.895333118632189,4.0268907563025191,0.024125088113767078
10.933477822883043,4.0811926605504647,0.024652140376409004
10.971623742357266,4.1075285171102607,0.024435153470410743
11.009770881398493,4.1421576128538629,0.024355056856411258
11.047919244351574,4.18694638694639,0.024979094647519032
11.086068835562605,4.2309687261632352,0.02476099901177542
11.124219659378932,4.243879907621249,0.025031441333827963
11.162371720149141,4.292713178294572,0.025735266621506825
11.200525022223079,4.2908950617284,0.025061129728907509
11.23867956995185,4.3672614429790482,0.025481535974212061
11.276835367687816,4.37104477611941,0.025424443293302158
11.314992419784607,4.4585438335809862,0.025166332648919845
11.353150730597132,4.489500362056476,0.025365254315574633
11.391310304481571,4.5389290882778583,0.025012117964244674
11.429471145795384,4.5560028756290443,0.024887693048134728
11.467633258897321,4.6080344332855105,0.025299329465798374
11.50579664814742,4.65981573352233,0.025283431015728212
11.543961317907014,4.6763380281690186,0.025201233348179444
11.582127272538738,4.6569434752267895,0.024786861178991142
11.620294516406533,4.7485314685314632,0.025375077674196181
11.658463053875645,4.7950173010380617,0.025306398166256048
11.696632889312633,4.8613370089593353,0.025233773186581279
11.73480402708538,4.888965517241374,0.025850388166737209
11.772976471563087,4.8839371155160727,0.025537944493332538
11.811150227116292,4.9193220338983021,0.025728969875142012
11.849325298116852,4.9281355932203379,0.025713065455786915
11.887501688937975,5.01619766643789,0.025932641721117533
11.925679403954195,5.0564895763281763,0.025864928869401286
11.96385844754141,5.0724579124579172,0.025552339177339962
12.002038824076859,5.0877454299255191,0.025751156439457891
12.04022053793914,5.142800528401577,0.025468154747656888
12.078403593508209,5.1572293207800968,0.026040234343795529
12.116587995165395,5.1802124833997407,0.026189811381211854
12.154773747293387,5.2910045961917289,0.026222061141230036
12.192960854276256,5.2709463931171481,0.026286407220377575
12.231149320499449,5.2978807947019879,0.026076574158367664
12.269339150349806,5.3455853499018993,0.026048811587007059
12.30753034821554,5.348264571054357,0.0260561143008645
12.345722918486274,5.456347150259071,0.025832796039741944
12.383916865553019,5.4370032573289953,0.026217107690748111
12.422112193808196,5.4757908327953428,0.026513841411044414
12.460308907645629,5.5099157485417969,0.026128965609565964
12.498507011460557,5.563892445582594,0.026732213938084278
12.53670650964964,5.5808908973531386,0.026554051522897883
12.574907406610954,5.5998713826366577,0.026190139924119161
12.613109706744,5.6312856238125333,0.026486386179807326
12.651313414449726,5.6802036919159962,0.026771366866375507
12.689518534130507,5.7087786259541931,0.026668287298033826
12.72772507019015,5.6922880815806192,0.02666372958293662
12.765933027033922,5.7473684210526343,0.02630519538514401
12.804142409068538,5.7890932149651313,0.026871383988680404
12.842353220702162,5.7917602996254738,0.026927828952378826
12.88056546634443,5.82233502538071,0.026811210164628837
12.918779150406433,5.8851168511685152,0.026606533644611817
12.95699427730074,5.8456384323640957,0.027000697038906556
12.995210851441389,5.8810975609756095,0.026323249122749734
13.033428877243898,5.9459425717852659,0.026905680483424281
13.071648359125279,5.9446494464944646,0.026458705357439105
13.109869301504016,5.9629906542056155,0.027065609885570441
13.148091708800106,5.9804400977995185,0.026704426899495738
13.186315585435032,6.0414259373079364,0.02722476640562101
13.224540935831783,6.0842105263157871,0.027120982687021043
13.262767764414866,6.1285539215686224,0.027121291384570579
13.300996075610291,6.0662186927306117,0.02667132959626228
13.33922587384559,6.1283110571081405,0.027033393796305594
13.377457163549819,6.1253640776698974,0.02674215955829775
13.415689949153561,6.1535279805352738,0.027593322011996133
13.453924235088932,6.1960144927536307,0.026938594631074068
13.492160025789586,6.2511961722488127,0.027049895519200128
13.530397325690723,6.2689737470167124,0.027716579347759625
13.568636139229087,6.2707619610159551,0.027417151906208928
13.606876470842968,6.307618476304734,0.027469396475354197
13.645118324972232,6.3069411764705752,0.027011979913059488
13.683361706058289,6.3209080047789774,0.027312753004902154
13.721606618544124,6.3435349940687979,0.026775007561224941
13.759853066874292,6.4049557522123921,0.027094487613513164
13.798101055494921,6.3908983451536621,0.027392836001219511
13.836350588853737,6.3583726415094377,0.027088909499810594
13.874601671400033,6.4284714119019926,0.02704085836750203
13.912854307584704,6.4511269276393879,0.027110441846216832
13.951108501860237,6.46021876799079,0.026953090436875177
13.989364258680727,6.5061200237670844,0.027478489096297753
14.027621582501867,6.4837587006960584,0.027012232285412083
14.065880477780965,6.5269585253456315,0.0271778320275446
14.10414094897695,6.5299370349170021,0.027699550593548616
14.142403000550365,6.5285879629629449,0.027567199507442307
14.180666636963382,6.5653912050257013,0.027315766397525486
14.218931862679806,6.6702578796561509,0.027376480402244118
14.257198682165075,6.5804737146158194,0.027440359995482104
14.295467099886269,6.6257515598411665,0.027111689111745725
14.333737120312115,6.6334661354581765,0.027091992172981486
14.372008747912988,6.6848797250859135,0.027272298844316645
14.410281987160918,6.697843359818382,0.027783235015435444
14.448556842529607,6.699323562570461,0.027463715997636171
14.486833318494408,6.7438100621820345,0.027343383562483566
14.52511141953236,6.7423055082339571,0.027248129274198455
14.563391150122156,6.7525252525252508,0.027154927962046469
14.601672514744195,6.7701773835920225,0.027243756357390611
14.639955517880543,6.7762011173184362,0.02760115782193431
14.67824016401496,6.77551246537397,0.027238806201558094
14.716526457632918,6.7978675645342284,0.027613191279427209
14.754814403221573,6.8241625480505261,0.027259694290880335
14.793104005269784,6.8590934527140419,0.027485504182011931
14.831395268268137,6.8045504994450736,0.027249819631104483
14.869688196708921,6.8884762424904364,0.027765680741163878
14.907982795086149,6.8435366536094024,0.02741077688623423
14.946279067895567,6.8748773841961874,0.027318817939836215
14.984577019634639,6.8741150442478016,0.027294443345848171
15.022876654802575,6.8859620596206037,0.027315137368499127
15.061177977900329,6.895851528384279,0.027074235807860249
15.099480993430587,6.8532258064516132,0.026979820998778721
15.137785705897809,6.8648327939590077,0.027084218680938757
15.17609211980818,6.8263186514410039,0.027041581362178584
15.214400239669679,6.8288471849866053,0.026701336154094375
15.25271006999203,6.92153264975714,0.026953248274137195
15.291021615286729,6.8953513513513451,0.027009399657008212
15.329334880067064,6.8752791068580423,0.026968162182825117
15.367649868848098,6.8424472116946395,0.027205836003125254
15.40596658614667,6.8616621983914294,0.026912724114984958
15.444285036481427,6.8540598290598211,0.026563812609105123
15.482605224372799,6.8875000000000046,0.027037000846233197
15.520927154343028,6.8772916666666619,0.026685682510321287
15.559250830916168,6.935661375661371,0.026512213322889642
15.597576258618066,6.9577405857740446,0.026626630163587232
15.635903441976405,6.8838810641627628,0.026470046085404913
15.674232385520687,6.8880423280423146,0.027023935777311946
15.712563093782236,6.9345169712793666,0.026890060429272077
15.750895571294214,6.9283613445378238,0.027033476795719623
15.78922982259162,6.8837184873949653,0.026770056389061152
15.827565852211292,6.9364669421487575,0.02643881448060691
15.865903664691929,6.9287728459530245,0.026590968462762023
15.904243264574069,6.964226804123709,0.026666677737624784
15.942584656400117,7.0510638297872337,0.026857709673102907
15.980927844714344,7.0338809034907568,0.02714727386156409
16.019272834062885,7.12902892561984,0.027037316708115607
16.057619628993756,7.2015337423312786,0.027120701119045
16.095968234056837,7.3658586900464069,0.027184780357624422
16.134318653803913,7.4856707317073221,0.027694627763643103
16.172670892788652,7.5414182939362631,0.027595975877895137
16.211024955566607,7.66222222222223,0.02787668342225506
16.249380846695249,7.7526958290946064,0.027887032698504059
16.287738570733946,7.7730030333670443,0.028006720097373667
16.326098132243974,7.809219858156017,0.028006167654956681
16.364459535788523,7.7945591939546643,0.027773039770588908
16.402822785932724,7.8821231847771749,0.028107888261615668
16.441187887243608,7.9919201995012443,0.027679944270270072
16.479554844290156,8.0628886659979919,0.028357851983263981
16.517923661643277,8.1819639278557048,0.028173245323911775
16.556294343875837,8.3182408795602125,0.028833373523235412
16.594666895562629,8.4149999999999814,0.028307949413548136
16.633041321280416,8.4397410358565814,0.029047827616970792
16.671417625607909,8.4293650793650681,0.029350580263282418
16.709795813125787,8.2763618677042885,0.028074610819272944
16.7481758884167,8.0899750623441253,0.02849901672019051
16.786557856065272,7.9083820662768023,0.027792906519352258
16.8249417206581,7.65895669291339,0.02714457367331008
16.863327486783771,7.5042512077294727,0.026874496435458629
16.901715159032864,7.227640671273452,0.026568179025479224
16.940104741997956,7.0858117991223857,0.025671874748097886
16.978496240273614,6.9170827214880033,0.026089314263870882
17.016889658456421,6.7888349514563044,0.025521518609794003
17.055285001144966,6.6999032882011615,0.025344857971382112
17.093682272939859,6.646309696092608,0.025236375980247434
17.132081478443723,6.6380582524271778,0.025103424487716044
17.170482622261233,6.5229146692233844,0.02492634037654173
17.208885708999063,6.5129647283126815,0.024883121569278639
17.247290743265953,6.438524197412554,0.0249305181366281
17.285697729672673,6.4665388302972175,0.024752219031620865
17.324106672832045,6.4593195975083848,0.024712131464006224
17.362517577358954,6.37574609189957,0.024176343732154711
17.400930447870326,6.38048548310329,0.024227073078833407
17.439345288985166,6.36707431796802,0.024604369829621591
17.477762105324555,6.3498091603053437,0.024249973792756212
17.516180901511639,6.2957547169811452,0.024177645910339433
17.554601682171647,6.2853395784543364,0.024228182143659537
17.5930244519319,6.243568075117377,0.023938506303070164
17.631449215421803,6.2412891172349312,0.024122330597387297
17.669875977272877,6.2205607476635523,0.024099377186648389
17.708304742118727,6.1804923362749706,0.023738095998822324
17.746735514595066,6.1662470862470826,0.023756287633454849
17.785168299339748,6.1626220362622073,0.023729584086364171
17.823603100992713,6.1691087260849349,0.0237603201298175
17.862039924196054,6.1190896423595,0.023512001567034511
17.900478773593978,6.06810265811183,0.023282385567453469
17.938919653832823,6.1052777777777862,0.023471080767044239
17.977362569561091,6.0319890009166,0.023296364189869419
18.015807525429413,6.0327205882352946,0.023198391033893231
18.054254526090585,6.005595667870046,0.023263237201892079
18.092703576199543,6.04215328467154,0.02302661948974433
18.13115468041341,6.023733455043355,0.023002289289803364
18.169607843391461,5.9682745825603023,0.023184136247367686
18.208063069795156,5.9376955903271682,0.0234890800851896
18.246520364288127,5.9870660960532511,0.023754246272751696
18.2849797315362,5.9793436293436342,0.0235120354760495
18.323441176207385,5.9542413960252212,0.023671156080276638
18.361904702971891,5.9379344101811,0.023836237492532338
18.400370316502141,5.9549779303580168,0.024146216037452019
18.438838021472744,5.8976813024173618,0.023975101530079809
18.477307822560547,5.882779156327544,0.023630334316550625
18.5157797244446,5.9485432098765356,0.024145370841829425
18.554253731806178,5.8899550224887554,0.0238018556007274
18.592729849328798,5.9113898645258365,0.024024218431639655
18.631208081698205,5.9307228915662717,0.024308802694109705
18.669688433602385,5.9129065040650364,0.024183362096975605
18.708170909731578,5.9364646464646436,0.0246360095393689
18.746655514778276,5.9655066530194683,0.024756905598797983
18.785142253437211,5.9198372329603295,0.024448624769460053
18.82363113040541,5.9653688524590232,0.024440180407859471
18.862122150382149,5.894254032258055,0.0241849363032164
18.90061531806899,5.9869187531936721,0.024488663940507197
18.939110638169758,5.9065775950667954,0.024085100902548034
18.977608115390595,5.9167785234899428,0.024547605505824122
19.016107754439911,5.9416709911780021,0.02456100718216802
19.054609560028428,5.8552685950413164,0.024318914690151138
19.093113536869158,5.8354602510460136,0.024552417479966657
19.131619689677443,5.7618210036213009,0.02441153561529788
19.170128023170918,5.7827122153209052,0.024304425340052147
19.208638542069554,5.7289281997918806,0.024399390631718924
19.247151251095644,5.6745341614906861,0.023715834210964827
19.285666154973821,5.6119261213720311,0.024042485074283432
19.324183258431038,5.5985386221294471,0.023878997087176342
19.362702566196617,5.5908661417322829,0.02358305326308896
19.401224083002205,5.5144373673036089,0.023653391256767742
19.439747813581825,5.48307372793354,0.023359870318288008
19.478273762671844,5.4650666666666581,0.023940310960572114
19.51680193501101,5.385355648535568,0.023175417407013118
19.555332335340434,5.4097297297297295,0.023855420371082982
19.593864968403622,5.3614269788182893,0.024112374854090242
19.632399838946437,5.3455882352941133,0.024567052296874364
19.670936951717156,5.2603119584055387,0.024149411609540827
19.709476311466442,5.2835164835164843,0.024082246160547872
19.748017922947362,5.2488009592326215,0.024719294878076604
19.786561790915396,5.2154761904761937,0.024523520571575558
19.825107920128421,5.2517179023508138,0.024904802104655063
19.863656315346752,5.2233621755253337,0.025109142321686088
19.902206981333112,5.2019405700424537,0.024556521051669843
19.940759922852681,5.2112693498451961,0.024757118438924985
19.979315144673048,5.1215587680703978,0.025348300306805131
20.017872651564257,5.1462311557788887,0.0254068744130942
20.056432448298796,5.091307147456531,0.025500172335683434
20.094994539651623,5.1472400513478878,0.025346922456968086
20.133558930400131,5.0681462140992171,0.025232322484510929
20.172125625324203,5.0320987654320977,0.025470919361357477
20.210694629206181,5.0487113402061876,0.025309455507810066
20.249265946830889,5.0553333333333308,0.025639032743065785
20.28783958298563,5.0130804447351291,0.025183678032930638
20.326415542460207,5.0368707482993189,0.025749714642218386
20.36499383004691,4.9774130006565986,0.025602976207114471
20.403574450540539,4.9819661016949173,0.025375864548424831
20.442157408738385,4.9700476514635836,0.025068252598793649
20.480742709440278,4.9713125845737469,0.025010229156405973
20.519330357448549,4.9348586810228676,0.024785306347964511
20.557920357568058,4.9361760660247507,0.025621543773040021
20.596512714606202,4.8931174089068827,0.025160277616787644
20.635107433372912,4.8643997224149906,0.025488177013892895
20.673704518680662,4.8316005471956167,0.025395640060100456
20.712303975344469,4.8349757113115936,0.025567975438544253
20.750905808181933,4.8731808731808659,0.025453227726812085
20.789510022013175,4.79230769230769,0.025383857202891741
20.828116621660921,4.8347153900210831,0.025117843682820343
20.866725611950443,4.7710794297352361,0.024913936754986602
20.905336997709611,4.6982529699510831,0.0253108903157094
20.943950783768869,4.7224947442186407,0.025138634158991473
20.982566974961266,4.6830662020905915,0.025389581887247215
21.021185576122434,4.6951305575158848,0.025942730232068972
21.05980659209062,4.6629787234042528,0.025370450836853645
21.098430027706673,4.6487906012439586,0.025022049356405084
21.137055887814068,4.5843527738264669,0.025066053783543596
21.175684177258894,4.627208976157088,0.025059703205056981
21.214314900889875,4.5325232308791925,0.0256724336764501
21.25294806355836,4.5606886657101873,0.024889191430178353
21.291583670118353,4.5280739161336143,0.02480322493682877
21.33022172542649,4.5115328467153342,0.024978225905916557
21.36886223434206,4.4510394265232938,0.024752471228160745
21.407505201727034,4.4203558718861267,0.024972572688035898
21.446150632446024,4.424543462381294,0.025196112231067595
21.484798531366319,4.3962936564504664,0.024748013615689912
21.523448903357895,4.3959595959595958,0.024802210408019422
21.562101753293394,4.3718453683442773,0.024993022960243968
21.600757086048173,4.3244604316546731,0.024832756674348685
21.63941490650026,4.3258771929824613,0.025397392185778474
21.678075219530395,4.2915766738660928,0.024985009663626968
21.716738030022039,4.2632857142857148,0.024592806315038126
21.755403342861349,4.231894659839055,0.024439634841634052
21.794071162937222,4.179029957204,0.024481784139737929
21.832741495141256,4.2131291028446363,0.024455068439588116
21.87141434436781,4.1572153734590307,0.02415196163321718
21.910089715513966,4.1668320340184213,0.024002610709966506
21.948767613479557,4.1704022988505685,0.024559511187604667
21.98744804316717,4.1033356990773573,0.023810341000194128
22.026131009482153,4.1007102272727218,0.024339562208088413
22.064816517332609,4.0869252873563253,0.023673565911135366
22.103504571629426,4.1040627227369928,0.024619380001531386
22.142195177286251,4.0420156139105732,0.023762906620247604
22.180888339219543,4.0716738197424931,0.0239541546963675
22.219584062348517,4.0131376659678457,0.023658889575640048
22.258282351595216,3.9480337078651728,0.023238546910082595
22.296983211884463,3.9736170212765938,0.023481068875659889
22.335686648143902,3.9481165600568571,0.023338865043641927
22.374392665303997,3.8636559139784961,0.023473610565495948
22.413101268298021,3.8721078779276157,0.023370701379544234
22.451812462062083,3.8496177901320352,0.022856444849438169
22.490526251535126,3.7643874643874708,0.022791132461242855
22.529242641658932,3.8031361368496164,0.023400195045424576
22.56796163737814,3.7138028169014081,0.022735902132630798
22.606683243640223,3.7393034825870659,0.022490374391631988
22.645407465395536,3.74541547277937,0.023222651642964134
22.684134307597294,3.655594651653769,0.022313006058400472
22.722863775201578,3.6636363636363622,0.022938032004549466
22.761595873167362,3.6109530583214742,0.022301579058055184
22.800330606456484,3.5951943462897571,0.022426557194647374
22.839067980033711,3.5613409415121295,0.02238339745096668
22.877807998866668,3.5407620416966163,0.02246996367836188
22.916550667925915,3.5117437722419953,0.021536336306044779
22.955295992184919,3.4889200561009837,0.02174862933223301
22.994043976620056,3.4608571428571393,0.021910066645452336
23.032794626210638,3.383381088825212,0.021729562208606952
23.0715479459389,3.4022759601706913,0.021952943614365047
23.110303940790018,3.3800287356321852,0.021926812589120281
23.149062615752122,3.3872971065631612,0.021563068933767329
23.187823975816276,3.3163481953290872,0.021244864817509472
23.226588025976518,3.2588066139467968,0.021506023897152844
23.265354771229845,3.2430307362401756,0.020904828025073565
23.304124216576231,3.202830856334042,0.021175439284159787
23.342896367018611,3.1989877078814222,0.021392241074801296
23.381671227562919,3.1820512820512841,0.021282118025654592
23.420448803218079,3.1939308398023969,0.020953951796635856
23.459229098996012,3.1248034310221544,0.02086029808018711
23.498012119911643,3.0931801866475226,0.020817634959648088
23.536797870982898,3.1030736240171617,0.020814691026592589
23.575586357230733,3.0445408532176423,0.02090147983901345
23.614377583679129,3.0450883392226173,0.020554075073392089
23.653171555355094,2.9904558404558448,0.020095570392899886
23.691968277288669,2.9807829181494623,0.020504645098417915
23.730767754512943,2.9592162554426698,0.020329408642071129
23.76956999206406,2.9451682176091616,0.020557611502441769
23.808374994981218,2.8965714285714244,0.019958119415722626
23.847182768306677,2.9167842031029605,0.019862642304410642
23.885993317085784,2.8837310195227772,0.019933810730237953
23.924806646366935,2.8709815078236156,0.02003090433358853
23.963622761201645,2.8429184549356235,0.020326066275183349
24.002441666644483,2.807894736842111,0.020061494922786412
24.041263367753153,2.7525280898876425,0.019312946850389093
24.080087869588436,2.7653900709219847,0.019479934127454822
24.118915177214241,2.7182811361981072,0.019432141174831503
24.157745295697595,2.7126241134751758,0.019381825201238944
24.196578230108642,2.7227240143369182,0.019547691793852268
24.235413985520662,2.7166666666666694,0.019916606085762831
24.274252567010077,2.6469930069930063,0.018973872149445098
24.31309397965645,2.6051136363636371,0.019641347747095004
24.3519382285425,2.6143895348837192,0.019286536516592102
24.390785318754123,2.6166064981949479,0.019315125313292318
24.429635255380333,2.5841654778887282,0.019109959367507406
24.468488043513378,2.5685694150810425,0.018848636141963762
24.507343688248639,2.5381159420289849,0.018800403093543784
24.54620219468471,2.5298070050035784,0.018921455564404124
24.585063567923374,2.5315676449534688,0.018944758069280896
24.623927813069606,2.4777134587554248,0.018794937033722103
24.6627949352316,2.4841883345045686,0.018548360906721691
24.701664939520768,2.4799714896650094,0.01879602081530389
24.740537831051721,2.4354558610709121,0.0185267047409712
24.779413614942335,2.4334050179211433,0.01836776810762767
24.818292296313686,2.4050323508267439,0.018257980013228304
24.857173880290119,2.3793054571226073,0.018240349190242814
24.896058371999214,2.3788420300214472,0.018542317090516548
24.934945776571819,2.3489942528735672,0.018649679877120965
24.973836099142034,2.3791606367583191,0.018460172200089397
25.012729344847248,2.3526881720430093,0.017864857836394157
25.051625518828093,2.3323923782639384,0.017665194110094384
25.090524626228543,2.2839400428265528,0.018181260065453356
25.129426672195798,2.2815506101938214,0.01780880122563791
25.168331661880416,2.2566037735849069,0.018029256346256965
25.207239600436218,2.2028591851322354,0.017649824160884148
25.246150493020359,2.2323943661971843,0.017778308143028856
25.28506434479333,2.1767142857142843,0.017426229350830727
25.323981160918905,2.1946991404011444,0.017506084688609973
25.362900946564242,2.1828034682080948,0.017585583057279204
25.401823706899798,2.1451428571428539,0.017526073870268874
25.440749447099417,2.1441364605543711,0.017362239999283761
25.479678172340272,2.1439599714081474,0.017408481565116728
25.51860988780291,2.1443888491779854,0.017409362033876632
25.55754459867126,2.0991404011461285,0.017294049897886622
25.5964823101326,2.1072546230440952,0.017551867253560529
25.635423027377623,2.0568781183178926,0.017120450230651361
25.674366755600396,2.0975609756097575,0.017093052335357441
25.713313499998392,2.0851640513552074,0.01713384942610081
25.752263265772491,2.024259927797833,0.016740940645417389
25.791216058126981,2.0198312236286871,0.016721026792576667
25.830171882269589,2.031196581196578,0.01665235463126168
25.869130743411439,2.0164520743919914,0.016703312754593889
25.908092646767134,2.0010071942446062,0.01686494209690903
25.947057597554679,2.0083451202263047,0.016852470731096404
25.986025600995553,1.9642704626334522,0.016468219062183133
26.024996662314681,1.9872857142857125,0.016704514848583003
26.063970786740466,1.9639226914817465,0.016378353209534811
26.102947979504769,1.9462962962962973,0.016478717199799549
26.141928245842944,1.9462244177840531,0.016319603654240334
26.180911590993833,1.9352394567548263,0.016537302873388598
26.219898020199754,1.9879483500717356,0.016773652846319251
26.258887538706549,1.9298145506419406,0.016328357206198581
26.29788015176355,1.906015569709842,0.016228734218894356
26.336875864623636,1.8972934472934471,0.016363795419685887
26.375874682543159,1.8872597864768654,0.016427872704128783
26.414876610782059,1.8891583452211136,0.016374715951248776
26.453881654603784,1.9023354564755846,0.016494141787060376
26.492889819275334,1.8934659090909087,0.016027864263564215
26.531901110067263,1.8699928724162489,0.015821951621577415
26.570915532253686,1.8481824661439772,0.0160815096456125
26.609933091112293,1.8615056818181821,0.016153572469835363
26.648953791924342,1.8674188998589571,0.016216041700574522
26.68797763997469,1.8418207681365586,0.016317903826708793
26.727004640551762,1.8443181818181842,0.016279239527445439
26.7660347989476,1.8527065527065518,0.016129294416038987
26.805068120457864,1.8551336146272848,0.016022030405948216
26.844104610381788,1.8370529327610845,0.016121261992203588
26.883144274022278,1.8273953158268272,0.015887023621342419
26.922187116685823,1.8125534950071345,0.0160102571715814
26.961233143682588,1.8220055710306375,0.015987317095981654
27.000282360326356,1.7955934612651008,0.016115917890319898
27.03933477193457,1.8139303482587072,0.015729192444782925
27.078390383828353,1.8414931801866488,0.01631457023556844
27.117449201332459,1.8244413407821234,0.015945354018778706
27.156511229775347,1.83796753705011,0.015689773307253824
27.195576474489148,1.8612014134275643,0.016093845075606805
27.234644940809691,1.9147540983606528,0.016293974476030836
27.273716634076482,1.9051156271899103,0.016347648668545017
27.312791559632768,1.9529411764705868,0.016785380531391277
27.351869722825469,2.0114084507042285,0.016754052469535641
27.390951129005273,2.0336421952957937,0.016894027485030473
27.430035783526556,2.0728412256267381,0.016808859788749249
27.469123691747455,2.0669019054340172,0.016733663046186488
27.508214859029849,2.0272467902995714,0.016960757714923631
27.54730929073936,1.9985835694051037,0.016901584410993011
27.586406992245383,1.9278278972935461,0.01630590443712272
27.625507968921074,1.9109396914445977,0.01635039268829086
27.664612226143365,1.8517045454545444,0.016163873996425302
27.703719769292981,1.8340486409155921,0.016182717577025062
27.742830603754427,1.7776544066620434,0.015758909565287714
27.781944734916028,1.7633027522935756,0.015819382969149073
27.821062168169881,1.743916083916083,0.01541002351982021
27.860182908911938,1.7413089373680524,0.015639592576130554
27.899306962541942,1.720362622036264,0.015718091128460059
27.938434334463508,1.7138790035587206,0.015440411323705553
27.977565030084033,1.6935598018400537,0.015345813433628761
28.016699054814815,1.7445062586926299,0.015538024475446457
28.055836414070992,1.7173277661795392,0.015498300244481615
28.094977113271543,1.7027445460943007,0.015269152209537054
28.134121157839356,1.6898591549295772,0.015341125413171931
28.173268553201154,1.6780181437543611,0.014948372446791633
28.212419304787591,1.7119999999999984,0.015245684694888023
28.251573418033193,1.7000704721634972,0.015220682218997967
28.290730898376388,1.688591549295775,0.015387605953518489
28.329891751259531,1.6787043418332155,0.015058225444377488
28.369055982128881,1.6932215234102033,0.015335381605580711
28.408223596434635,1.7112050739957729,0.015225575752218777
28.447394599630922,1.6812760055478493,0.014990107496171025
28.486568997175812,1.7165156794425085,0.015317383871324468
28.52574679453134,1.7116701607267639,0.015580530750050406
28.564927997163473,1.7106685633001431,0.015676617940303166
28.604112610542188,1.7155676410605021,0.015349252938568741
28.643300640141405,1.7384508025122145,0.015569736250712618
28.682492091439048,1.6957668285912579,0.015258656382816269
