# 1D Dataset
# Length: 748
# X, Y [, YError]
# Units: X [°], Y [cts]
0.018985906935894994,2.4,0.57879184513951121
0.056957722892410224,7.6571428571428575,0.60777278246236144
0.094929545103103266,10.971428571428573,0.284102597162162
0.13290137773743285,16.431578947368422,0.2958625120537936
0.170873224964868,15.972413793103447,0.22522283852148872
0.20884509095489218,16.86,0.27920522121829239
0.24681697987700743,21.948717948717945,0.24078001668858423
0.2847888959007383,14.44888888888889,0.24545246704860579
0.32276084319563647,16.656000000000002,0.20890189084831187
0.36073282593128403,10.312903225806451,0.15359039815635372
0.39870484827729841,8.5389830508474578,0.15772732371704193
0.43667691440333628,6.7324324324324341,0.15435011854297151
0.47464902847909735,6.7948051948051953,0.16271644121868575
0.51262119467432865,11.507317073170734,0.13993072136481524
0.550593417158829,2.1280898876404484,0.058857531926781094
0.58856570010245279,2.7419354838709666,0.074279208770625993
0.6265380476751139,10.315887850467293,0.1291141029005837
0.66451046404679037,8.9523809523809543,0.12132301668033658
0.7024829533875282,5.5530434782608689,0.086973911304695575
0.74045551986744529,3.848739495798319,0.077374836570871311
0.77842816765673584,2.8793650793650802,0.060536361350872647
0.81640090092567474,2.1927007299270058,0.048560722272934
0.85437372384462118,1.5909774436090218,0.045212921438715491
0.89234664058402269,1.2945945945945945,0.038802848690165481
0.93031965531441985,1.11006711409396,0.038612482855416172
0.96829277220644983,1.1416149068322978,0.038015263970433179
1.0062659954308515,0.96319018404907941,0.034661219366443029
1.0442393291584673,1.1228915662650598,0.035801585441213549
1.0822127775602506,1.0488888888888881,0.034596438837645023
1.1201863448072669,1.0730337078651688,0.034320279436632052
1.1581600350707,1.0900523560209421,0.03429219454201636
1.1961338525218552,1.0000000000000007,0.031423522314344532
1.2341078013321625,1.0427860696517406,0.029925280083228995
1.2720818856731833,1.0518518518518514,0.029118861469474785
1.3100561097166115,0.98365384615384666,0.030292276926968
1.3480304776342806,0.98914027149321293,0.028039698434080849
1.3860049935981651,1.0053571428571428,0.028904310814711873
1.4239796617803864,0.995633187772926,0.028441326616478229
1.4619544863532157,0.90938775510204106,0.025981764020962521
1.4999294714890805,0.90085470085470065,0.027250083020392925
1.5379046213605652,0.83783783783783838,0.025141035669652059
1.575879940140418,0.91839999999999933,0.026695317941541733
1.6138554320015539,0.88452830188679255,0.025493352081591755
1.6518311011170592,0.89264705882352946,0.024972952496678968
1.689806951660195,0.88444444444444492,0.026015717524201402
1.7277829878044026,0.82777777777777761,0.023844839879707494
1.7657592137233058,0.85395683453237325,0.025102656578946617
1.8037356335907171,0.835099337748344,0.024088123813871806
1.8417122515806394,0.84481605351170563,0.024444477210196127
1.8796890718672736,0.88543046357615929,0.024619377874756428
1.9176660986250182,0.86811145510835852,0.022492212120063373
1.9556433360284782,0.866451612903226,0.023988377345262209
1.993620788252465,0.84277108433734982,0.022150332904638845
2.0315984594720042,0.84478527607361986,0.0224367160097052
2.069576353862336,0.84431486880466511,0.022176606712229294
2.1075544755989242,0.8653179190751441,0.02266898445217062
2.1455328288574536,0.84046242774566526,0.021655095601074214
2.1835114178138415,0.82777777777777806,0.021641723534202725
2.2214902466442363,0.85505617977528037,0.021805425500084664
2.2594693195250253,0.84973544973544923,0.020526100255313054
2.2974486406328349,0.83934426229508174,0.020511829922539304
2.3354282141445393,0.80947368421052623,0.021078930941579782
2.3734080442372614,0.86161616161616184,0.020887975479707298
2.411388135088377,0.8335078534031416,0.020459082390136052
2.4493684908755231,0.829268292682927,0.02002378122124273
2.4873491157765946,0.84189526184538643,0.02014246434544506
2.5253300139697563,0.86857142857142888,0.020442940889205424
2.5633111896334411,0.85851318944844068,0.01983316367207227
2.6012926469463573,0.87050359712230185,0.019772178618536029
2.6392743900874911,0.82870159453302872,0.019009244687949955
2.677256423236114,0.84245283018867911,0.020244588428183909
2.7152387505717819,0.862389380530973,0.019624280408439557
2.7532213762743423,0.86887417218543017,0.019358199795491193
2.7912043045239385,0.86842105263157865,0.019469436078445663
2.8291875395010138,0.861276595744681,0.018747566614392086
2.8671710853863139,0.86460176991150373,0.019463997741524589
2.9051549463608941,0.879429735234216,0.019577376522522085
2.943139126606118,0.86751054852320686,0.019534999206194181
2.98112363030367,0.89836734693877529,0.018572549865230159
3.0191084616355508,0.85801217038539612,0.0182623381668923
3.0570936247840876,0.87741935483871047,0.018622747159283054
3.0950791239319351,0.86743737957610823,0.017926325009037406
3.1330649632620808,0.87085020242915057,0.018568392381325721
3.1710511469578506,0.90689013035381716,0.018285602635270369
3.2090376792029085,0.88659003831417649,0.018593234572491863
3.2470245641812663,0.87593984962406046,0.017329970784385137
3.2850118060772835,0.89720670391061386,0.018201967423891869
3.3229994090756749,0.93333333333333357,0.018747454410161696
3.3609873773615089,0.92098765432098839,0.017687756739867267
3.3989757151202213,0.925547445255474,0.018368218295126467
3.43696442653761,0.91707317073170724,0.018032831665685291
3.4749535157998444,0.88056537102473476,0.017508111861254422
3.5129429870934663,0.91103327495621766,0.018427945972631758
3.5509328446053989,0.90440677966101679,0.017313042875395604
3.5889230925229469,0.94101221640488719,0.017871059662878653
3.6269137350338014,0.9462295081967218,0.017518754108055812
3.6649047763260425,0.96216216216216277,0.018164871701040641
3.7028962205881504,0.92621359223300981,0.017118486932606092
3.7408880720090019,0.92434210526315752,0.016963927734543853
3.7788803347778752,0.94836601307189483,0.01765764630352749
3.816873013084459,0.92542372881356,0.016729207455334318
3.8548661111188522,0.96715447154471557,0.017806177329435881
3.8928596330715726,0.96358024691358068,0.017414355937401926
3.9308535831335534,0.95379844961240312,0.017133010584237295
3.9688479654961579,0.95729646697388671,0.016441275772976546
4.0068427843511722,0.92887537993920977,0.016364048364617412
4.0448380438908185,0.98217522658610346,0.017223193732615386
4.082833748307757,0.96563876651982294,0.016605585836390237
4.1208299017950853,0.970876671619614,0.017052098131286515
4.1588265085463485,0.97434402332361392,0.01680625894032926
4.1968235727555419,0.98470588235294088,0.017113249890050353
4.2348210986171138,0.967613636363637,0.016602920231913204
4.2728190903259691,0.98101983002833038,0.017033718960795238
4.3108175520774763,0.98110014104372267,0.016515973109511365
4.3488164880674685,1.0159217877094966,0.016853786615462645
4.3868159024922511,1.0025139664804463,0.016694472399423396
4.4248157995486048,1.041917808219178,0.016903243689107738
4.4628161834337847,0.98852459016393435,0.016377496798519905
4.5008170583455351,1.0008130081300808,0.016203605342955826
4.53881842848208,1.0270341207349076,0.01629728941616965
4.5768202980421444,1.0061497326203208,0.016257476057283695
4.61482267122494,0.99547270306258329,0.016114601783401451
4.6528255522301833,1.0298313878080398,0.016456276790617737
4.690828945258092,1.0502590673575136,0.016716370176166437
4.7288328545093954,1.0360613810741681,0.016160161810152555
4.76683728418533,1.0630769230769239,0.016534982738874698
4.8048422384876588,1.0617499999999991,0.016066269013059607
4.8428477216186518,1.0801013941698359,0.016341456487996134
4.8808537377811145,1.0871287128712865,0.016474813160686851
4.91886029117838,1.0728395061728386,0.016408145902060377
4.956867386014312,1.0638141809290942,0.016400565389120703
4.9948750264933137,1.0823104693140795,0.016186101735124279
5.0328832168203288,1.0851318944844111,0.016394005201321411
5.0708919612008492,1.0653012048192767,0.016159856105161529
5.1089012638409166,1.1330977620730283,0.016450398378279371
5.1469111289471252,1.1019230769230766,0.015975180974704344
5.1849215607266315,1.101847575057737,0.016001302690062946
5.2229325633871513,1.0735632183908042,0.015857903834293592
5.2609441411369717,1.1054587688734037,0.016191159376171351
5.2989562981849474,1.1328036322360946,0.015720669406354519
5.3369690387405111,1.1205479452054794,0.015759214077475183
5.3749823670136747,1.1073825503355714,0.015582261728354592
5.4129962872150355,1.1454751131221732,0.016170536518781767
5.4510108035557758,1.1373781148429032,0.015872803095828728
5.4890259202476752,1.1409799554565703,0.015727205830947558
5.5270416415031054,1.1782372143634388,0.015666182757619284
5.5650579715350457,1.1263387978142088,0.015900043109938606
5.6030749145570722,1.1842794759825324,0.015878932607490549
5.6410924747833784,1.1870488322717632,0.016020230312493288
5.6791106564287661,1.1920940170940173,0.015931346518255254
5.71712946370866,1.1502083333333346,0.015563768913016428
5.7551489008391,1.1904458598726122,0.015881047265359407
5.7931689720367627,1.1845679012345682,0.015710115720392059
5.8311896815189472,1.2227083333333344,0.015909902576697284
5.86921103350359,1.210672358591248,0.015975775796084703
5.9072330322092688,1.2299706170421156,0.0155010381534858
5.9452556818552047,1.2393782383419694,0.016021677173129655
5.9832789866612615,1.263745019920318,0.015561454129397871
6.0213029508479625,1.2555327868852462,0.015944150544202344
6.0593275786364833,1.2405088062622311,0.01546607421407372
6.0973528742486591,1.2561886051080569,0.015728139536051372
6.1353788419069932,1.2892215568862271,0.016068794061939073
6.1734054858346576,1.2910505836575865,0.016032001978389502
6.2114328102554959,1.280233690360272,0.015675216290243977
6.2494608193940291,1.2842304060434377,0.015426309995589875
6.2874895174754633,1.330844793713164,0.016378518664570772
6.3255189087256873,1.3482530689329548,0.016170209450871803
6.3635489973712822,1.2931354359925809,0.015490262455388976
6.4015797876395251,1.3118546845124277,0.015864220659802305
6.4396112837583894,1.3576208178438678,0.015768612310603773
6.4776434899565549,1.3496663489037202,0.016070764928798085
6.5156764104634046,1.3863554757630165,0.015820839213558917
6.5537100495090383,1.3793488372093021,0.016027018831093386
6.5917444113242718,1.3876251137397622,0.015981954568016626
6.6297795001406366,1.3782846715328456,0.015669010026794182
6.6678153201903925,1.3871725383920512,0.015818554030603442
6.7058518757065295,1.3901960784313738,0.015825423978201778
6.7438891709227686,1.4090666666666678,0.015784224035253085
6.7819272100735706,1.4442869796279898,0.015710333964797873
6.8199659973941342,1.4331846565566446,0.015941201371399143
6.8580055371204107,1.4605902777777762,0.016048466872759189
6.8960458334890964,1.4456293706293717,0.015857134864125856
6.9340868907376469,1.4390964378801037,0.015861429791271437
6.97212871310427,1.488642186165672,0.016034200318175141
7.0101713048279493,1.4815766923736089,0.01586349472549254
7.0482146701484236,1.5073666384419986,0.015778473187322294
7.086258813306209,1.514648602878915,0.015827924940394939
7.1243037385426,1.5299916457811198,0.015954589668947222
7.1623494500996694,1.5421626152556593,0.016255907637349024
7.2003959522202763,1.5617449664429539,0.016198011256573372
7.2384432491480695,1.574733388022971,0.016125144438741759
7.2764913451274884,1.593262119967132,0.016313859373899911
7.3145402444037755,1.5909983633387885,0.016103033054585474
7.3525899512229724,1.5977346278317144,0.016029221281710537
7.3906404698319257,1.6434008097165995,0.016285975513001066
7.4286918044782988,1.6384553499597738,0.016160745975207988
7.4667439594105645,1.6553499597747403,0.016259765208894314
7.5047969388780222,1.6601255886970183,0.016225460010985411
7.542850747130788,1.6601119104716247,0.016500164153401331
7.5809053884198088,1.6793076317859967,0.016207328526661707
7.6189608669968711,1.7003909304143872,0.016165811671724255
7.6570171871145867,1.7095611285266452,0.016346467049312235
7.6950743530264187,1.7208588957055229,0.016205495634199114
7.73313236898667,1.7336434108527146,0.01622767820149601
7.7711912392504967,1.7711450381679374,0.016699596472585267
7.80925096807391,1.7705197827773487,0.016582429372027412
7.8473115597137779,1.8094100074682591,0.01631434493910458
7.8853730184278321,1.8145259938837932,0.016816791541122322
7.9234353484746745,1.8095167286245357,0.016466345420334632
7.9614985541137751,1.8148537134283536,0.0167877826769723
7.9995626396054851,1.8281647940074903,0.016683112703914278
8.037627609211027,1.8860927152317886,0.016747647331873623
8.0756934671925222,1.8785018726591751,0.016711004442766922
8.11376021781297,1.9010086455331405,0.016574050512645787
8.1518278653362728,1.9269258987527484,0.016611234810597692
8.189896414027217,1.9749999999999979,0.016916775290938595
8.22796586815151,1.9599125364431487,0.017283737182538915
8.266036231975761,1.9742304939155382,0.01681521065298533
8.3041075097674746,2.0093592512599,0.01679210678322781
8.3421797057950879,1.9928977272727264,0.01693530937543003
8.380252824327961,2.0504593639575952,0.016572701859618205
8.4183268696363651,2.0660028449502166,0.017413849390301724
8.45640184599151,2.0440583738707452,0.016880291157746058
8.49447775766553,2.1112208892025417,0.017423333723624521
8.53255460893151,2.1232044198895013,0.016948194837883866
8.5706324040634687,2.1558333333333342,0.017207374872420245
8.6087111473363684,2.1972640218878277,0.017379115165116053
8.6467908430261353,2.2081379310344849,0.017326685514418974
8.684871495409638,2.2122532334921723,0.01704042139684531
8.7229531087647079,2.2730223123732256,0.017780357088810667
8.7610356873701445,2.2551630434782588,0.017527437224176476
8.7991192355057155,2.2474393530997281,0.017557755759464614
8.837203757452162,2.2960159362549737,0.017264786998267195
8.8752892574911968,2.3225720026791681,0.017691903170347169
8.91337573990552,2.3784143904064,0.017649239222746853
8.95146320897882,2.4015873015873028,0.0175901060422003
8.98955166899577,2.4117340286831812,0.017731421121251624
9.0276411242420451,2.4314398943196851,0.017699974306809675
9.0657315790043143,2.4619354838709682,0.017684246385959827
9.1038230375702565,2.486640726329445,0.017726477060730616
9.1419155042285531,2.5230670103092772,0.01765487433058828
9.1800089832689071,2.5386786401539427,0.017567173379387596
9.2181034789820266,2.5344537815126045,0.01790013894370911
9.2561989956596555,2.5645505971087355,0.017752540200269805
9.2942955375945537,2.61024327784891,0.018080319389135416
9.33239310908052,2.6300315457413181,0.018228962589053484
9.3704917144123776,2.6873896595208091,0.018588386152393551
9.4085913578860048,2.699443413729131,0.018082260378039526
9.4466920437983131,2.7208623969562518,0.01839240785317264
9.4847937764472636,2.7909034267912767,0.018657705529908107
9.5228965601318745,2.8188607594936714,0.019096102010653405
9.5610003991522223,2.9078896728672246,0.01908789232069005
9.5991052978094462,2.9017857142857113,0.018962251377437331
9.6372112604057438,2.9765083440308069,0.01945341121511961
9.6753182912443911,3.0241335044929389,0.019519161313058659
9.7134263946297441,3.0259020618556693,0.019510113510028449
9.7515355748672246,3.0383365821962327,0.019241608222930823
9.78964583626336,3.0699806326662373,0.019733149445740613
9.8277571831257475,3.1179586563307491,0.019620384917307127
9.8658696197630871,3.1863901490602684,0.020026238129021479
9.9039831504851783,3.1743624161073778,0.020213490516605877
9.9420977796029213,3.2212141427618404,0.020456947111963285
9.9802135114283157,3.2515027322404388,0.020967831544731936
10.018330350274489,3.2895646164478185,0.020680422835673406
10.056448300455676,3.3273106323836017,0.021269081668168627
10.094567366287233,3.3826452064380663,0.021578965847118867
10.132687552085633,3.4308896797153023,0.021839982614863036
10.170808862168498,3.4050883392226186,0.021574340880889147
10.208931300854569,3.4620640569395023,0.022180841202314512
10.247054872463734,3.4995683453237452,0.0221799856251338
10.285179581317017,3.545128939828079,0.02246727143852946
10.3233054317366,3.5934829833454,0.022592092313927
10.361432428045806,3.5637418419144291,0.022609512868557589
10.399560574569128,3.6471711976487904,0.022956560911544587
10.437689875632211,3.6751269035533021,0.022287179288010179
10.475820335561869,3.76634686346863,0.022790451777046972
10.513951958686086,3.7908823529411828,0.023417472700564
10.552084749334028,3.7968819599109147,0.023572739582841055
10.590218711836028,3.8628528974739993,0.023563095541216432
10.62835385052362,3.8784810126582281,0.023943313761449782
10.666490169729512,3.9235515425131613,0.024033536353142756
10.704627673787614,3.9570680628272248,0.024070990816712969
10.742766367033031,3.9615615615615605,0.023745096238194669
10.780906253802076,4.0279210925644868,0.024276365538882905
10.819047338432261,4.10068027210885,0.024693543231443685
10.857189625262318,4.1007451564828585,0.024016937911634922
10.895333118632189,4.1122994652406373,0.024901460676862681
10.933477822883043,4.1818042813455643,0.02529830260867252
10.971623742357266,4.1901140684410647,0.024842140652027275
11.009770881398493,4.2754399387911315,0.025065996638958556
11.047919244351574,4.3114219114219043,0.0254929680328162
11.086068835562605,4.3376048817696429,0.025007904338362967
11.124219659378932,4.37844495765974,0.025330333400776776
11.162371720149141,4.4137984496123961,0.026041204701148575
11.200525022223079,4.4751543209876479,0.026312520353021136
11.23867956995185,4.4670287044220283,0.025672374553884891
11.276835367687816,4.4752238805970208,0.025079068547612788
11.314992419784607,4.5160475482912306,0.025504887877241943
11.353150730597132,4.611440984793628,0.025382199341407147
11.391310304481571,4.7082489146164965,0.025834255466949955
11.429471145795384,4.6622573687994286,0.025752137138532943
11.467633258897321,4.7522238163558033,0.025528144399732628
11.50579664814742,4.7435861091424556,0.025508110235978213
11.543961317907014,4.8349295774647834,0.025673626394485109
11.582127272538738,4.9109560362875095,0.026015928940057925
11.620294516406533,4.869790209790219,0.02586145976125347
11.658463053875645,4.9374394463667777,0.025948881061567237
11.696632889312633,4.9308063404548657,0.025558075646119529
11.73480402708538,4.979862068965514,0.025857194943014344
11.772976471563087,5.0079289131920754,0.026122896036530219
11.811150227116292,5.0649491525423693,0.026306657300540246
11.849325298116852,5.0644067796610095,0.025517837124077562
11.887501688937975,5.1400137268359689,0.02601842005466657
11.925679403954195,5.1674512441156688,0.025960918503545764
11.96385844754141,5.1876094276094245,0.026110584672331284
12.002038824076859,5.2483412322274887,0.026379342898071353
12.04022053793914,5.2923381770145248,0.026508109618434306
12.078403593508209,5.3280430396771976,0.026215575119872145
12.116587995165395,5.2968127490039834,0.02607812436392145
12.154773747293387,5.379120157583726,0.026122732611241435
12.192960854276256,5.3964262078093945,0.026094085058742285
12.231149320499449,5.4115231788079479,0.026741193753416239
12.269339150349806,5.4699803793329007,0.026630674005184957
12.30753034821554,5.5228552717747252,0.026313094023774613
12.345722918486274,5.5386010362694336,0.026716615636625741
12.383916865553019,5.5528338762215013,0.026768189786884698
12.422112193808196,5.6234990316333215,0.026618637131354931
12.460308907645629,5.6159429682436759,0.026424040515087829
12.498507011460557,5.6732394366197232,0.026568116252233771
12.53670650964964,5.7446094254357707,0.026748275385771996
12.574907406610954,5.7386495176848866,0.02713155766645119
12.613109706744,5.7280557314756262,0.027182893817785717
12.651313414449726,5.735837046467207,0.026883583346754853
12.689518534130507,5.8165394402035622,0.026974110533228863
12.72772507019015,5.8715105162523935,0.027212771376953587
12.765933027033922,5.8650375939849653,0.027034144513314526
12.804142409068538,5.9246670894102778,0.027079326673426496
12.842353220702162,5.9248439450686705,0.026887716705173394
12.88056546634443,5.9365482233502611,0.027429668037632037
12.918779150406433,5.990651906519064,0.026936848132311016
12.95699427730074,6.04841972187104,0.027470016124751195
12.995210851441389,5.995609756097557,0.026747658584224735
13.033428877243898,6.05443196004994,0.027093149617089717
13.071648359125279,6.0837638376383643,0.02692954558539723
13.109869301504016,6.1180062305295877,0.026921223654800448
13.148091708800106,6.191931540342293,0.027078584554090041
13.186315585435032,6.2062692071296857,0.027412553297285213
13.224540935831783,6.1778457772337791,0.027189944501292636
13.262767764414866,6.286887254901953,0.027451253937712711
13.300996075610291,6.2687843616371524,0.028112265337020312
13.33922587384559,6.2415552855406986,0.027296984044179039
13.377457163549819,6.3015776699029038,0.027560035668134468
13.415689949153561,6.3482968369829615,0.027557631318894219
13.453924235088932,6.3911835748792241,0.027782240767284944
13.492160025789586,6.37177033492823,0.027497135593218185
13.530397325690723,6.3494033412887863,0.027237323125911778
13.568636139229087,6.4551683402244509,0.027367988654044745
13.606876470842968,6.4716256748650336,0.027792772330678756
13.645118324972232,6.4579999999999984,0.027097031847567659
13.683361706058289,6.4899641577060843,0.0280120769642723
13.721606618544124,6.4782918149466244,0.027590337251828054
13.759853066874292,6.529557522123894,0.02755497001385708
13.798101055494921,6.551773049645405,0.027611417737669636
13.836350588853737,6.5639150943396265,0.027567617281983394
13.874601671400033,6.5836639439906772,0.027645499191265178
13.912854307584704,6.5978647686832783,0.027543247653160297
13.951108501860237,6.6379965457685612,0.0276848981599463
13.989364258680727,6.6573975044563172,0.027882926042781534
14.027621582501867,6.666241299303949,0.02739244192359841
14.065880477780965,6.6903225806451667,0.027830868140102188
14.10414094897695,6.6642243846594047,0.027414188982870277
14.142403000550365,6.7583333333333293,0.027419443170291779
14.180666636963382,6.7612792689891563,0.027606162501442148
14.218931862679806,6.7276790830945679,0.028029894656565763
14.257198682165075,6.7609474292316509,0.028032002552648753
14.295467099886269,6.7515598411798008,0.027462461464960845
14.333737120312115,6.8134319863403583,0.027776598453174147
14.372008747912988,6.83218785796105,0.027693984455728834
14.410281987160918,6.8723041997729863,0.027704753767569555
14.448556842529607,6.8452085682074415,0.027170353702611685
14.486833318494408,6.8128886376483857,0.027040421918336638
14.52511141953236,6.8424758659852207,0.028008066980288938
14.563391150122156,6.8748597081930418,0.027574960464674319
14.601672514744195,6.8535476718403476,0.027497809322816893
14.639955517880543,6.8576536312849168,0.027821789947454476
14.67824016401496,6.87213296398893,0.027648371378770346
14.716526457632918,6.935690235690231,0.027765361303456398
14.754814403221573,6.8784184514003233,0.027303467235579526
14.793104005269784,6.93027420257414,0.027430191318653614
14.831395268268137,6.8950055493895412,0.027162660553492594
14.869688196708921,6.9424358274167073,0.026979129115330285
14.907982795086149,6.9709009513150546,0.027778119977832572
14.946279067895567,6.9268664850136057,0.027402070975608289
14.984577019634639,6.9497787610619453,0.027663825982549777
15.022876654802575,6.9955555555555495,0.027523310607860809
15.061177977900329,6.9303493449781577,0.027624941320547863
15.099480993430587,6.9719354838709648,0.027321562908179969
15.137785705897809,6.9783171521035614,0.0271114883185439
15.17609211980818,6.9523654159869492,0.027191625725085111
15.214400239669679,6.9640750670241287,0.027732741144621906
15.25271006999203,7.0287101996762065,0.027175355162530015
15.291021615286729,6.9808648648648441,0.027068508707039682
15.329334880067064,6.9342902711323751,0.02710343715879995
15.367649868848098,7.0318354087709807,0.02744804992201821
15.40596658614667,6.9965683646112726,0.027022745613358708
15.444285036481427,7.0381410256410266,0.02737618562033433
15.482605224372799,6.9562500000000078,0.027490700446306165
15.520927154343028,7.0093750000000048,0.026548096585097533
15.559250830916168,7.0170370370370483,0.026581812589833206
15.597576258618066,7.0392259414225977,0.026915894732692652
15.635903441976405,6.9544079290558178,0.026799937680246449
15.674232385520687,7.0256084656084727,0.026698981008826159
15.712563093782236,6.9964490861618938,0.026565421674650452
15.750895571294214,6.9634453781512633,0.026597729709324395
15.78922982259162,7.0207983193277395,0.026705990270339524
15.827565852211292,6.9722107438016589,0.026675006041979876
15.865903664691929,6.9590600522193089,0.027276086471659428
15.904243264574069,7.0043298969072163,0.026515696396344993
15.942584656400117,6.88417228853138,0.026656214875523172
15.980927844714344,6.918480492813142,0.026623465372026946
16.019272834062885,6.9854338842975263,0.026833864112970833
16.057619628993756,6.9034764826175978,0.025874374047277722
16.095968234056837,6.893450232078381,0.026278544089401314
16.134318653803913,6.8967479674796675,0.026535679620980478
16.172670892788652,6.8803699897225057,0.026416654104593703
16.211024955566607,6.937373737373731,0.026460019643352102
16.249380846695249,6.9220752797558536,0.026442013141360219
16.287738570733946,6.8790697674418695,0.026176940142017248
16.326098132243974,6.9001013171226022,0.02626049130984507
16.364459535788523,6.8767758186397945,0.025824819559009716
16.402822785932724,6.8495743615423264,0.026136810469827177
16.441187887243608,6.8110723192019957,0.025894270468133449
16.479554844290156,6.8419257773320012,0.026167292574111402
16.517923661643277,6.80641282565129,0.025968920690470441
16.556294343875837,6.7698150924537792,0.025812759149119961
16.594666895562629,6.7369999999999957,0.026038241108031861
16.633041321280416,6.7749999999999915,0.025851458833931945
16.671417625607909,6.7700396825396929,0.02578983488257235
16.709795813125787,6.725291828793762,0.025241363151049214
16.7481758884167,6.7415461346633538,0.025558554705977905
16.786557856065272,6.7047758284600416,0.025251660169667973
16.8249417206581,6.6741141732283529,0.025468839119079083
16.863327486783771,6.6885990338164181,0.024854685142261777
16.901715159032864,6.6658440276406719,0.025470147738570259
16.940104741997956,6.677620672842516,0.025451466526386222
16.978496240273614,6.6100832109642687,0.025370362487606758
17.016889658456421,6.6104854368932013,0.0254803970976168
17.055285001144966,6.6183752417795043,0.024791254255813036
17.093682272939859,6.53458755426917,0.024972476482876829
17.132081478443723,6.523203883495138,0.025003911467031414
17.170482622261233,6.4867689357622211,0.02480804859556638
17.208885708999063,6.4724499523355545,0.024784501702743305
17.247290743265953,6.5195975083852273,0.024997747035539052
17.285697729672673,6.4774688398849483,0.025243232573367622
17.324106672832045,6.4176329659798768,0.024737667487024495
17.362517577358954,6.4342018000947441,0.02413556216802824
17.400930447870326,6.4195145168967258,0.024266967979681496
17.439345288985166,6.3462841015992471,0.024515727869331136
17.477762105324555,6.4397900763358766,0.024826036538371055
17.516180901511639,6.3798113207547154,0.024240051560993049
17.554601682171647,6.36533957845432,0.024369479230592173
17.5930244519319,6.2782159624413163,0.0240747584806221
17.631449215421803,6.3467538533395587,0.023920626141681313
17.669875977272877,6.327102803738307,0.02385165013326819
17.708304742118727,6.2100325127728659,0.023618469756272194
17.746735514595066,6.2334731934731851,0.023992978798121071
17.785168299339748,6.24202696420269,0.023932555893891497
17.823603100992713,6.24563695753618,0.024067540337402982
17.862039924196054,6.233255921969338,0.024048061690940682
17.900478773593978,6.1879010082493036,0.023919143080000049
17.938919653832823,6.1501851851851823,0.023721600593237285
17.977362569561091,7.1305224564619571,0.054593397703297152
18.015807525429413,6.1029411764705808,0.023744831179256725
18.054254526090585,6.1028880866425883,0.02334441718389757
18.092703576199543,6.08987226277372,0.023217441642200215
18.13115468041341,6.03277042446372,0.023017589115330275
18.169607843391461,5.9787569573283967,0.023460769718688903
18.208063069795156,6.0716927453769527,0.023360277163305142
18.246520364288127,6.0190204469805106,0.02371089637708897
18.2849797315362,6.0142857142857089,0.0238433596407777
18.323441176207385,5.95889481337858,0.023385142409850908
18.361904702971891,5.9720998531571254,0.023703996597013249
18.400370316502141,5.8818048062775867,0.023936817853938835
18.438838021472744,5.9404045387271731,0.023771613184632792
18.477307822560547,5.9131513647642624,0.024290864911193415
18.5157797244446,5.8838518518518557,0.023907355608414043
18.554253731806178,5.8996501749125487,0.024209373385464639
18.592729849328798,5.8355243351731136,0.02411385959283564
18.631208081698205,5.8282128514056142,0.023854627250033594
18.669688433602385,5.781707317073173,0.024229760813414672
18.708170909731578,5.7662626262626171,0.023958991254058471
18.746655514778276,5.752712384851578,0.023850272952873751
18.785142253437211,5.7443540183112827,0.02371724471713875
18.82363113040541,5.7237704918032781,0.023768725202867221
18.862122150382149,5.6904233870967671,0.023686084171443179
18.90061531806899,5.7142565150740969,0.02406186231371453
18.939110638169758,5.6375128468653779,0.024335964599416081
18.977608115390595,5.6812596799174084,0.024214846462691949
19.016107754439911,5.6316554229372127,0.023791296626764692
19.054609560028428,5.6157024793388448,0.023673710236943441
19.093113536869158,5.5950836820083714,0.024202769646827767
19.131619689677443,5.578479048111741,0.023728504712522962
19.170128023170918,5.6081780538302271,0.023778560296760159
19.208638542069554,5.553485952133201,0.023552941217563631
19.247151251095644,5.5644927536231945,0.023439605439412026
19.285666154973821,5.5391029023746752,0.024099288035601032
19.324183258431038,5.5046972860125276,0.023682204230515428
19.362702566196617,5.4550131233595813,0.0238809953855337
19.401224083002205,5.4979830148619886,0.024053665041625552
19.439747813581825,5.4759086188992745,0.023218071299190693
19.478273762671844,5.4205866666666669,0.023148755666101997
19.51680193501101,5.4228033472803219,0.023204788553141568
19.555332335340434,5.3969729729729643,0.023956986046321981
19.593864968403622,5.3861761426978791,0.024070588293737819
19.632399838946437,5.3713800904977278,0.024308636097215761
19.670936951717156,5.3565569035239751,0.024273607945443823
19.709476311466442,5.3428571428571523,0.024548885636434873
19.748017922947362,5.3303357314148734,0.024601529144982325
19.786561790915396,5.3258333333333265,0.02476691226840072
19.825107920128421,5.3011452682338867,0.024839503880466081
19.863656315346752,5.2567367119901007,0.025069252923475369
19.902206981333112,5.2189205579138847,0.024790972171223103
19.940759922852681,5.2310835913312745,0.025082673450675389
19.979315144673048,5.1686989314896259,0.025236933593251586
20.017872651564257,5.2272613065326592,0.025951563038686214
20.056432448298796,5.2403090792015519,0.025733892114788215
20.094994539651623,5.1952503209242638,0.025106206730023548
20.133558930400131,5.1344647519582214,0.025974191643370996
20.172125625324203,5.1481481481481461,0.025381085111723434
20.210694629206181,5.1538659793814494,0.025490231457890061
20.249265946830889,5.1022666666666705,0.025599305546136302
20.28783958298563,5.1092217135382594,0.025693003650538351
20.326415542460207,5.0983673469387778,0.025937019017762818
20.36499383004691,5.02114248194353,0.025459105868950737
20.403574450540539,5.0120677966101752,0.025612945592058557
20.442157408738385,5.0255956432947624,0.025867220799075056
20.480742709440278,5.0147496617050127,0.024992468483064013
20.519330357448549,5.0164199192462959,0.025145194971280305
20.557920357568058,4.9775790921595595,0.025952451523699026
20.596512714606202,4.9655870445344048,0.025228047218875359
20.635107433372912,4.9578070784177646,0.025610132063113477
20.673704518680662,4.88768809849521,0.025680510564625211
20.712303975344469,4.8891047883414327,0.025854179056484603
20.750905808181933,4.8432432432432488,0.025857935145810685
20.789510022013175,4.8385989010989015,0.0248126888838388
20.828116621660921,4.8712579058327492,0.026106036275484332
20.866725611950443,4.8097759674134455,0.025000915996232626
20.905336997709611,4.7474493361285752,0.025332297161208366
20.943950783768869,4.76790469516468,0.02541007076868302
20.982566974961266,4.7333797909407629,0.025608594631037457
21.021185576122434,4.69315455187015,0.025278241748468207
21.05980659209062,4.7090780141843931,0.025621788235654773
21.098430027706673,4.6749136143745629,0.024932370128674112
21.137055887814068,4.672830725462302,0.025464291029249207
21.175684177258894,4.6568022440392731,0.025003122536711827
21.214314900889875,4.6467476769120806,0.025574328202421663
21.25294806355836,4.6218077474892381,0.025542251354208872
21.291583670118353,4.5687277896233116,0.024556795287663028
21.33022172542649,4.5959124087591254,0.025958733137351319
21.36886223434206,4.4744086021505334,0.025221364223486527
21.407505201727034,4.5197153024911012,0.024843630218572142
21.446150632446024,4.5123447772096439,0.025620520201593409
21.484798531366319,4.4983606557377058,0.024938599692467041
21.523448903357895,4.4675324675324735,0.025084993647860127
21.562101753293394,4.4380743982494524,0.024898758421935837
21.600757086048173,4.3684892086331,0.025256819685671866
21.63941490650026,4.3751461988304161,0.024891826776106688
21.678075219530395,4.3278617710583172,0.024991854616155652
21.716738030022039,4.30342857142857,0.024520919848245552
21.755403342861349,4.2939283101682557,0.024806704646927708
21.794071162937222,4.2242510699001388,0.024477627639854036
21.832741495141256,4.2611232676878208,0.024470944331077309
21.87141434436781,4.1746192893401117,0.024407531312167378
21.910089715513966,4.1706591070163022,0.024112847172319807
21.948767613479557,4.0936781609195432,0.023760823374640798
21.98744804316717,4.1635202271114231,0.024006276040629243
22.026131009482153,4.1532670454545517,0.024350957959353929
22.064816517332609,4.0520114942528647,0.023851656601968155
22.103504571629426,4.026229508196729,0.024107675730987554
22.142195177286251,4.0363378282469782,0.023488514470725225
22.180888339219543,4.0121602288984288,0.023720186162542872
22.219584062348517,3.9896575821104205,0.023639066109600107
22.258282351595216,3.9758426966292104,0.023142428057398606
22.296983211884463,3.9399999999999991,0.023625219542698913
22.335686648143902,3.919687277896228,0.023126002233315616
22.374392665303997,3.9072401433691764,0.023556214363917825
22.413101268298021,3.8674237047551467,0.02302239695141315
22.451812462062083,3.8113968033356422,0.022435490816749087
22.490526251535126,3.8005698005698,0.023045465879814934
22.529242641658932,3.7578047042052769,0.022926014671992796
22.56796163737814,3.7484507042253479,0.022874861178891984
22.606683243640223,3.7309168443496734,0.022670013002215429
22.645407465395536,3.6833810888252092,0.022447849816033771
22.684134307597294,3.6648838845883138,0.022708128536119674
22.722863775201578,3.6177556818181809,0.022396834336012597
22.761595873167362,3.5899004267425374,0.022745594907580206
22.800330606456484,3.5633922261484079,0.021929773872122634
22.839067980033711,3.5199714693295308,0.022018349693471717
22.877807998866668,3.5561466570812343,0.022456389092640461
22.916550667925915,3.504768683274023,0.022159591131951633
22.955295992184919,3.4699859747545561,0.021737999337176028
22.994043976620056,3.4497142857142871,0.022144700384110875
23.032794626210638,3.4196275071633218,0.022022764941759743
23.0715479459389,3.4251778093883383,0.02202931311112228
23.110303940790018,3.3777298850574708,0.021813543750989903
23.149062615752122,3.3730416372618248,0.021777266209129249
23.187823975816276,3.3235668789808974,0.021770003034372671
23.226588025976518,3.2739036664270245,0.021321873133661514
23.265354771229845,3.2729092208720449,0.021481501442471785
23.304124216576231,3.264543524416136,0.021485388346285619
23.342896367018611,3.2357194504699915,0.021660859825801505
23.381671227562919,3.1898860398860394,0.021453057664774854
23.420448803218079,3.1545518701482038,0.020891586581232007
23.459229098996012,3.1403859899928492,0.020920708606595031
23.498012119911643,3.1158650394831358,0.020994379426759312
23.536797870982898,3.1215153681200891,0.02103299449812886
23.575586357230733,3.0754880694143152,0.020789870719383041
23.614377583679129,3.0692579505300377,0.020534869856441162
23.653171555355094,3.05997150997151,0.020713641856744756
23.691968277288669,2.9897508896797174,0.02080776557850348
23.730767754512943,2.9515239477503616,0.020430444540331306
23.76956999206406,2.9496062992125949,0.020621072209084552
23.808374994981218,2.9464285714285716,0.020145643171055869
23.847182768306677,2.8949224259520445,0.019783864794225
23.885993317085784,2.8345625451916128,0.019964473915912925
23.924806646366935,2.8792318634423881,0.019866839577751347
23.963622761201645,2.843633762517884,0.020097215432936532
24.002441666644483,2.83581871345029,0.020474883916135597
24.041263367753153,2.7485955056179785,0.019469098894560839
24.080087869588436,2.7990070921985897,0.019980373650679402
24.118915177214241,2.7520757465404162,0.0198009916126893
24.157745295697595,2.7324822695035498,0.01944711371591382
24.196578230108642,2.71125448028674,0.019312844393215206
24.235413985520662,2.7169590643274937,0.019938862130096279
24.274252567010077,2.631888111888113,0.01869553968380314
24.31309397965645,2.6359374999999989,0.019178503641759517
24.3519382285425,2.603343023255817,0.019435210400870942
24.390785318754123,2.6503971119133545,0.019490573193334
24.429635255380333,2.574893009985741,0.019292514475097493
24.468488043513378,2.5282593375616629,0.018643850049881849
24.507343688248639,2.5162318840579716,0.019120276178513137
24.54620219468471,2.5052180128663295,0.018492098970144526
24.585063567923374,2.4737294201861104,0.018498086299806447
24.623927813069606,2.4593342981186712,0.01854929966947403
24.6627949352316,2.4747716092761793,0.018337088822985619
24.701664939520768,2.4232359230220948,0.018640777832425164
24.740537831051721,2.4136034732272069,0.019006301713326346
24.779413614942335,2.4203584229390707,0.018791756132256268
24.818292296313686,2.3828900071890762,0.018388011994101131
24.857173880290119,2.3573352232459253,0.017860798902622137
24.896058371999214,2.378984989278059,0.018392640380515305
24.934945776571819,2.3383620689655165,0.018432289775860516
24.973836099142034,2.3137481910274942,0.018419853080162987
25.012729344847248,2.3393548387096783,0.017987261557713588
25.051625518828093,2.32110091743119,0.017928250063183267
25.090524626228543,2.2773733047823037,0.017920181684042736
25.129426672195798,2.2841349605168686,0.018233744649074908
25.168331661880416,2.23497822931785,0.018087872106774545
25.207239600436218,2.2458899213724077,0.017887339602864361
25.246150493020359,2.194788732394366,0.017556833775478922
25.28506434479333,2.2069999999999972,0.017833984983961472
25.323981160918905,2.1763610315186259,0.017430885373244734
25.362900946564242,2.2037572254335238,0.017786017740838333
25.401823706899798,2.1561428571428563,0.017801054772692747
25.440749447099417,2.1511016346837204,0.01725132787332409
25.479678172340272,2.1060757684060052,0.017180705234181786
25.51860988780291,2.133380986418874,0.017517030531798816
25.55754459867126,2.122492836676217,0.017342346220700616
25.5964823101326,2.1240398293029887,0.017275021686433772
25.635423027377623,2.077263007840342,0.017101745677823164
25.674366755600396,2.0720229555236709,0.01704451255738652
25.713313499998392,2.0717546362339503,0.016878972277031706
25.752263265772491,2.0343682310469329,0.016804346462432083
25.791216058126981,2.0542897327707439,0.017108997923391444
25.830171882269589,2.0602564102564087,0.016953960902567667
25.869130743411439,2.0452074391988595,0.017006277932724509
25.908092646767134,2.0300719424460447,0.016838528702317009
25.947057597554679,2.0264497878359289,0.016646431608995489
25.986025600995553,1.9755160142348764,0.016899381298854974
26.024996662314681,1.9698571428571456,0.016568041525780886
26.063970786740466,1.9729420186113131,0.017166243858306077
26.102947979504769,1.9542735042735044,0.016503941781205355
26.141928245842944,1.9616090331686662,0.016595890805942429
26.180911590993833,1.9216583273766952,0.016556447207863419
26.219898020199754,1.9526542324246798,0.016487738460306045
26.258887538706549,1.9218259629101297,0.016567760588025605
26.29788015176355,1.9065817409766406,0.016317990006330607
26.336875864623636,1.9227920227920221,0.016391363471492348
26.375874682543159,1.877864768683273,0.016264240691139097
26.414876610782059,1.8875891583452211,0.016220821578327039
26.453881654603784,1.9194621372965308,0.016480471473536581
26.492889819275334,1.8924715909090928,0.016177910961349323
26.531901110067263,1.8799714896650035,0.016408310837893892
26.570915532253686,1.9096222380612942,0.016550120542225606
26.609933091112293,1.8765624999999977,0.016414395606763298
26.648953791924342,1.8904090267983071,0.016357119798918168
26.68797763997469,1.8136557610241817,0.01578402633084789
26.727004640551762,1.837784090909093,0.016364536453306912
26.7660347989476,1.8353276353276351,0.016035925791260841
26.805068120457864,1.819690576652601,0.015960798310632403
26.844104610381788,1.8263233190271855,0.016034381736254839
26.883144274022278,1.8469836763662133,0.016214651472393427
26.922187116685823,1.8452211126961473,0.016123300094601153
26.961233143682588,1.826462395543176,0.01579045715298057
27.000282360326356,1.8167732764747679,0.016222449402180348
27.03933477193457,1.8085287846481892,0.0161206188300361
27.078390383828353,1.8236898779612332,0.016153625205397693
27.117449201332459,1.8501396648044712,0.015853647191478373
27.156511229775347,1.83260409315455,0.016432130906364639
27.195576474489148,1.8664310954063617,0.016395759717314471
27.234644940809691,1.8590163934426247,0.016551655277110444
27.273716634076482,1.9564120532585858,0.01629559698037604
27.312791559632768,1.9869596031183547,0.017005374005626891
27.351869722825469,2.0050704225352129,0.01688085604856443
27.390951129005273,2.062437633642193,0.016928874194916146
27.430035783526556,2.0926183844011135,0.017219013926703282
27.469123691747455,2.0611150317572329,0.016763696210896809
27.508214859029849,2.02724679029957,0.016823421384086212
27.54730929073936,2.0002832861189814,0.016477538682432669
27.586406992245383,1.9594725884802229,0.016183170396923827
27.625507968921074,1.89382889200561,0.016186555147664216
27.664612226143365,1.8515624999999991,0.016142014455507642
27.703719769292981,1.8371959942775391,0.016268176669116691
27.742830603754427,1.7575294934073553,0.015722808034074491
27.781944734916028,1.7559633027522961,0.015599682865648898
27.821062168169881,1.7302097902097902,0.015732245402536885
27.860182908911938,1.7611541168191429,0.0156996417530569
27.899306962541942,1.7238493723849413,0.01564832424522376
27.938434334463508,1.729679715302491,0.015606513962893375
27.977565030084033,1.6979476291578186,0.015617888528459942
28.016699054814815,1.710987482614744,0.015375331270143218
28.055836414070992,1.743215031315241,0.015534503983618608
28.094977113271543,1.7149894440534839,0.015592974806764342
28.134121157839356,1.6712676056338027,0.015048687762471072
28.173268553201154,1.7189113747383118,0.015362554535455123
28.212419304787591,1.7271578947368429,0.015584004236968872
28.251573418033193,1.7230443974630028,0.015523403680020602
28.290730898376388,1.7242253521126749,0.015586465575781135
28.329891751259531,1.7149552033080631,0.01551680493862558
28.369055982128881,1.7064989517819684,0.015575201554140853
28.408223596434635,1.7188160676532773,0.015374887861316569
28.447394599630922,1.6983356449375864,0.015580967178899983
28.486568997175812,1.7075958188153311,0.015387920978236118
28.52574679453134,1.7274633123689755,0.015386882233972604
28.564927997163473,1.6924608819345663,0.015497799374070927
28.604112610542188,1.6788579197824629,0.014795819332700626
28.643300640141405,1.6958827634333569,0.015339714349235553
28.682492091439048,1.7075641915336552,0.015351166354890016
