# 1D Dataset
# Length: 748
# X, Y [, YError]
# Units: X [°], Y [cts]
0.018985906935894994,1.9000000000000001,0.27386127875258304
0.056957722892410224,6.7714285714285714,0.52020404160094635
0.094929545103103266,8.82857142857143,0.31102201510110344
0.13290137773743285,15.45263157894737,0.32817804774989251
0.170873224964868,13.606896551724139,0.26665675764387869
0.20884509095489218,12.126666666666663,0.23399905033045659
0.24681697987700743,16.682051282051283,0.23941084820999897
0.2847888959007383,11.44,0.21716466984102292
0.32276084319563647,12.100000000000001,0.175316856006489
0.36073282593128403,8.0903225806451626,0.14685393083987147
0.39870484827729841,7.203389830508474,0.140851434808927
0.43667691440333628,5.3459459459459442,0.11413920223664152
0.47464902847909735,5.5766233766233766,0.14163586587540938
0.51262119467432865,12.565853658536586,0.36999686478726984
0.550593417158829,2.0382022471910113,0.057578103259860472
0.58856570010245279,2.3548387096774195,0.090973079992849343
0.6265380476751139,14.328971962616826,0.23989035839526524
0.66451046404679037,7.9542857142857173,0.14489342396530636
0.7024829533875282,4.5182608695652169,0.085651070396775678
0.74045551986744529,2.9613445378151249,0.061096540266532905
0.77842816765673584,2.3063492063492057,0.050382762692393265
0.81640090092567474,1.9211678832116783,0.046509583422113844
0.85437372384462118,1.6360902255639098,0.042625677543032668
0.89234664058402269,1.3918918918918926,0.042163461518439714
0.93031965531441985,1.2107382550335564,0.038343239884793823
0.96829277220644983,1.1403726708074537,0.036955216846319291
1.0062659954308515,0.985276073619632,0.033636196716252266
1.0442393291584673,1.0361445783132532,0.035852231364738585
1.0822127775602506,1.0444444444444436,0.032876499167807757
1.1201863448072669,1.0460674157303369,0.033567121901774508
1.1581600350707,1.0439790575916226,0.032704707197364222
1.1961338525218552,1.0361702127659571,0.0333201271560975
1.2341078013321625,1.0557213930348255,0.034353585077874768
1.2720818856731833,0.99629629629629668,0.029917582261858349
1.3100561097166115,0.957692307692308,0.031268485656748266
1.3480304776342806,0.97918552036199,0.029310651114392128
1.3860049935981651,0.88749999999999962,0.028007834180996637
1.4239796617803864,1.0069868995633187,0.02903191290584221
1.4619544863532157,0.9648979591836736,0.027994168488950616
1.4999294714890805,0.87179487179487214,0.027589764771912773
1.5379046213605652,0.90733590733590741,0.027153592235547863
1.575879940140418,0.93120000000000036,0.0255248898136701
1.6138554320015539,0.93962264150943364,0.026160498131980396
1.6518311011170592,0.92573529411764666,0.025614210953456416
1.689806951660195,0.87629629629629635,0.026324971324321281
1.7277829878044026,0.91736111111111107,0.025024101037121185
1.7657592137233058,0.885611510791367,0.023898539916364165
1.8037356335907171,0.90927152317880855,0.024391187894970728
1.8417122515806394,0.890301003344481,0.024320613996920197
1.8796890718672736,0.88013245033112564,0.024823397104624265
1.9176660986250182,0.90835913312693506,0.024491492806893014
1.9556433360284782,0.88967741935483935,0.024298696239053539
1.993620788252465,0.865060240963855,0.022756417792197711
2.0315984594720042,0.86503067484662521,0.022595517620494356
2.069576353862336,0.89446064139941739,0.022038193806372317
2.1075544755989242,0.86936416184971066,0.022461686968468741
2.1455328288574536,0.86820809248554887,0.022169721284121518
2.1835114178138415,0.80777777777777737,0.021695137988629595
2.2214902466442363,0.85393258426966312,0.021381553071893329
2.2594693195250253,0.89470899470899434,0.022080044036894547
2.2974486406328349,0.86666666666666681,0.020515469030156431
2.3354282141445393,0.915263157894737,0.02157573788712595
2.3734080442372614,0.85252525252525257,0.021151910698355487
2.411388135088377,0.83403141361256461,0.021341100232658453
2.4493684908755231,0.8707317073170735,0.019527433074388381
2.4873491157765946,0.8718204488778053,0.0214521827108295
2.5253300139697563,0.87142857142857189,0.020104601745318629
2.5633111896334411,0.8935251798561149,0.02069031617277986
2.6012926469463573,0.87482014388489215,0.019885287713791739
2.6392743900874911,0.88701594533029648,0.019933940644336387
2.677256423236114,0.86273584905660339,0.019900965197857532
2.7152387505717819,0.8676991150442479,0.019026548672566385
2.7532213762743423,0.8666666666666657,0.019585936435160135
2.7912043045239385,0.919298245614035,0.020065489883680496
2.8291875395010138,0.93914893617021222,0.020410011834128435
2.8671710853863139,0.86858407079646027,0.019830217557784583
2.9051549463608941,0.90468431771894042,0.019449835252649015
2.943139126606118,0.907172995780591,0.018777556497938098
2.98112363030367,0.904489795918367,0.019028902368881707
3.0191084616355508,0.89006085192697781,0.018758017073747503
3.0570936247840876,0.8717741935483867,0.018440693673030854
3.0950791239319351,0.89942196531791874,0.018430757677947017
3.1330649632620808,0.919433198380567,0.019302020147465952
3.1710511469578506,0.94227188081936719,0.01861638649881742
3.2090376792029085,0.94406130268199284,0.018656289385348437
3.2470245641812663,0.909398496240602,0.018554831096621163
3.2850118060772835,0.92253258845437625,0.017917784234525037
3.3229994090756749,0.93295668549905786,0.018864379613018706
3.3609873773615089,0.91322751322751372,0.018039491812982127
3.3989757151202213,0.97773722627737258,0.01913884759434584
3.43696442653761,0.97351916376306713,0.018409284920861389
3.4749535157998444,0.94876325088339242,0.018028128648514635
3.5129429870934663,0.94816112084062965,0.018512634433592631
3.5509328446053989,0.98000000000000043,0.017903633002583064
3.5889230925229469,0.96963350785340319,0.018401732485995796
3.6269137350338014,0.96098360655737736,0.017765530733303704
3.6649047763260425,0.936486486486487,0.017650208428238553
3.7028962205881504,0.96504854368932069,0.017789052624351879
3.7408880720090019,0.97697368421052577,0.018075650411856142
3.7788803347778752,0.9800653594771247,0.018123264933650057
3.816873013084459,0.97164869029275869,0.016909885877742944
3.8548661111188522,0.9691056910569108,0.017686991402780048
3.8928596330715726,0.964506172839506,0.017048104295853687
3.9308535831335534,1.0024806201550389,0.017423763221192316
3.9688479654961579,1.0230414746543783,0.018052913293092429
4.0068427843511722,0.96413373860182383,0.01687272344042752
4.0448380438908185,0.956495468277945,0.016835955649023755
4.082833748307757,0.98472834067547832,0.017161152170332275
4.1208299017950853,1.0216939078751852,0.017201635570556196
4.1588265085463485,1.0160349854227406,0.017642700023798554
4.1968235727555419,1.0026470588235288,0.0170309102256511
4.2348210986171138,1.0289772727272737,0.016912359166065021
4.2728190903259691,1.0220963172804527,0.016823952148783274
4.3108175520774763,1.0262341325811013,0.01674801422713388
4.3488164880674685,1.0324022346368718,0.01669564078465767
4.3868159024922511,1.036871508379889,0.016822508295992789
4.4248157995486048,1.0641095890410959,0.017326465817194003
4.4628161834337847,1.0327868852459023,0.016813826712858394
4.5008170583455351,1.02981029810298,0.016536717713419091
4.53881842848208,1.0367454068241464,0.016151865031249789
4.5768202980421444,1.0799465240641717,0.01708616821665504
4.61482267122494,1.0468708388814909,0.017029371268972731
4.6528255522301833,1.0977950713359272,0.016736041375569295
4.690828945258092,1.0886010362694294,0.016324327367183578
4.7288328545093954,1.0874680306905375,0.016572811088820871
4.76683728418533,1.0702564102564083,0.01633496348987799
4.8048422384876588,1.0557499999999997,0.016268258972612876
4.8428477216186518,1.1160963244613431,0.016899133924469251
4.8808537377811145,1.1245049504950488,0.016536987740607
4.91886029117838,1.1217283950617285,0.016167655374949106
4.956867386014312,1.0858190709046451,0.016266979758765274
4.9948750264933137,1.1371841155234657,0.016533963215935171
5.0328832168203288,1.1333333333333326,0.016686925906105297
5.0708919612008492,1.1,0.016241392865521773
5.1089012638409166,1.1041224970553598,0.016089706776470345
5.1469111289471252,1.1286057692307703,0.01681404039818608
5.1849215607266315,1.1584295612009237,0.016379328615701728
5.2229325633871513,1.1491954022988513,0.016459673794105862
5.2609441411369717,1.1605110336817657,0.016281717917653916
5.2989562981849474,1.1584562996594781,0.016049156542232556
5.3369690387405111,1.1618721461187214,0.016345341868194117
5.3749823670136747,1.1787472035794193,0.0164090566629908
5.4129962872150355,1.1834841628959272,0.016410124711120869
5.4510108035557758,1.1445287107258952,0.0159230102456111
5.4890259202476752,1.1850779510022262,0.016122014317018991
5.5270416415031054,1.1939064200217635,0.016231157660692355
5.5650579715350457,1.2030601092896187,0.016221318608594493
5.6030749145570722,1.2310043668122261,0.016430040331105216
5.6410924747833784,1.2259023354564753,0.015953969560827619
5.6791106564287661,1.1852564102564094,0.016275123590697181
5.71712946370866,1.2514583333333333,0.016031517352113302
5.7551489008391,1.2354564755838622,0.016183302760220335
5.7931689720367627,1.2411522633744863,0.01594948863576455
5.8311896815189472,1.2645833333333334,0.016276020833319978
5.86921103350359,1.2535752401280686,0.01629134752422412
5.9072330322092688,1.2955925563173354,0.01597765411510696
5.9452556818552047,1.3021761658031088,0.016523217764140681
5.9832789866612615,1.2912350597609574,0.015901980073887413
6.0213029508479625,1.293852459016394,0.016009856544774236
6.0593275786364833,1.3273972602739736,0.016107113664586069
6.0973528742486591,1.3019646365422402,0.01640677374940111
6.1353788419069932,1.3325349301397225,0.015990503195504744
6.1734054858346576,1.3093385214007798,0.015701606517923957
6.2114328102554959,1.3221032132424515,0.016263577793009208
6.2494608193940291,1.309915014164307,0.015573008642362296
6.2874895174754633,1.3538310412573682,0.016336044405491065
6.3255189087256873,1.3873465533522187,0.01627957469823221
6.3635489973712822,1.3595547309833014,0.015909564189696367
6.4015797876395251,1.3676864244741878,0.016104943578062293
6.4396112837583894,1.3828996282527886,0.016020213079028286
6.4776434899565549,1.3771210676835057,0.016165485385114534
6.5156764104634046,1.3951526032315973,0.015965843366947525
6.5537100495090383,1.4055813953488383,0.016306422203654251
6.5917444113242718,1.430391264786171,0.01582996014509714
6.6297795001406366,1.4215328467153283,0.016224464766711834
6.6678153201903925,1.4097560975609742,0.015970520780928289
6.7058518757065295,1.4438502673796791,0.015811363181131306
6.7438891709227686,1.4677333333333307,0.016137679243250068
6.7819272100735706,1.4710363153232942,0.016097083469326475
6.8199659973941342,1.4576271186440681,0.016084820937854943
6.8580055371204107,1.4920138888888912,0.01617194722131543
6.8960458334890964,1.5104895104895111,0.015931648497092381
6.9340868907376469,1.5284100781928771,0.01632437766333002
6.97212871310427,1.5388556789069177,0.016590790018214698
7.0101713048279493,1.5631533847472152,0.016363835951505944
7.0482146701484236,1.5302286198137192,0.016060406732638331
7.086258813306209,1.5661303979678241,0.016470780851728959
7.1243037385426,1.5468671679197996,0.015848373784279883
7.1623494500996694,1.5914501257334461,0.01618660422499615
7.2003959522202763,1.6286912751677836,0.016893482018122703
7.2384432491480695,1.6428219852337993,0.016227485073685603
7.2764913451274884,1.6358258011503688,0.016574174964846106
7.3145402444037755,1.6546644844517193,0.016671866920065625
7.3525899512229724,1.6754045307443348,0.016410990153408522
7.3906404698319257,1.6607287449392723,0.016354270931823425
7.4286918044782988,1.7116653258246171,0.016328087189023153
7.4667439594105645,1.7320997586484363,0.016842043648579604
7.5047969388780222,1.7073783359497623,0.016056362654445128
7.542850747130788,1.7210231814548362,0.01626654449795201
7.5809053884198088,1.730920535011802,0.016778208165921116
7.6189608669968711,1.7634089132134463,0.016683525101655813
7.6570171871145867,1.7501567398119156,0.016523974553534097
7.6950743530264187,1.8099693251533726,0.0167844957304349
7.73313236898667,1.8088372093023266,0.017184492207497477
7.7711912392504967,1.8357251908396961,0.016809846690231344
7.80925096807391,1.8580294802172233,0.016919451033576335
7.8473115597137779,1.8340552651232287,0.016530685823625182
7.8853730184278321,1.8588685015290534,0.016830688569806726
7.9234353484746745,1.9180669144981441,0.016868313924301236
7.9614985541137751,1.8945236309077287,0.016806880077948012
7.9995626396054851,1.915505617977532,0.016674365936151628
8.037627609211027,1.9324503311258281,0.01702150743189295
8.0756934671925222,1.958651685393259,0.01723400008770834
8.11376021781297,1.9867435158501434,0.016764310746108329
8.1518278653362728,2.0038151137197389,0.017168638800620684
8.189896414027217,2.0245664739884393,0.017093915914980662
8.22796586815151,2.0311953352769652,0.017265593136013165
8.266036231975761,2.0428060128847516,0.017238624687521371
8.3041075097674746,2.0701223902087862,0.0175128117178609
8.3421797057950879,2.0916193181818206,0.017222681873605553
8.380252824327961,2.0897526501766772,0.017066515948257966
8.4183268696363651,2.1172119487908971,0.017341365963465256
8.45640184599151,2.1867963863794309,0.017384568884173623
8.49447775766553,2.1932251235003548,0.017751535733874283
8.53255460893151,2.2303867403314888,0.017705975601222498
8.5706324040634687,2.2474999999999987,0.017746826355126498
8.6087111473363684,2.221340629274966,0.017461564471740344
8.6467908430261353,2.2841379310344827,0.017787489090177255
8.684871495409638,2.2923076923076944,0.017712462893735809
8.7229531087647079,2.2757268424611254,0.017253174451093273
8.7610356873701445,2.3380434782608681,0.017802542776259977
8.7991192355057155,2.3839622641509446,0.01794326483595764
8.837203757452162,2.3723771580345319,0.017758032778620821
8.8752892574911968,2.4446081714668444,0.018035706334493726
8.91337573990552,2.4623584277148556,0.018226270137526427
8.95146320897882,2.4708994708994716,0.018064880240376818
8.98955166899577,2.5112125162972605,0.017610939320340732
9.0276411242420451,2.55310435931308,0.018191044783400508
9.0657315790043143,2.5381935483870941,0.017666113643920563
9.1038230375702565,2.5836575875486383,0.018209580918948396
9.1419155042285531,2.5867268041237179,0.018035022862012941
9.1800089832689071,2.6214239897370111,0.018197371487232231
9.2181034789820266,2.6721396250808023,0.018362664111580787
9.2561989956596555,2.7092394720301716,0.018564474941249919
9.2942955375945537,2.7070422535211276,0.018230219970071383
9.33239310908052,2.7255520504731892,0.01841125783617489
9.3704917144123776,2.82786885245902,0.018586888994935276
9.4085913578860048,2.8111317254174351,0.018501888296785972
9.4466920437983131,2.8232086239695646,0.018874282971147471
9.4847937764472636,2.8752647975077879,0.018786467401319278
9.5228965601318745,2.9435443037974669,0.019072383394952083
9.5610003991522223,3.0046183450930086,0.019522875369870723
9.5991052978094462,3.04591836734694,0.019531555859745867
9.6372112604057438,3.096405648267007,0.020189987815978149
9.6753182912443911,3.1057766367137374,0.019884255939394371
9.7134263946297441,3.1412371134020582,0.019666949743458235
9.7515355748672246,3.1880441845354182,0.020225156612953789
9.78964583626336,3.2222078760490609,0.019788617962218334
9.8277571831257475,3.2227390180878537,0.020357961122572616
9.8658696197630871,3.2893065456902155,0.020049505083339109
9.9039831504851783,3.3010738255033534,0.020666564472044166
9.9420977796029213,3.3683789192795204,0.020642328584002997
9.9802135114283157,3.4448087431694008,0.021064847286771986
10.018330350274489,3.40428472702142,0.021136809693115953
10.056448300455676,3.479777623349547,0.021450181136074883
10.094567366287233,3.497130860741779,0.02177707998310922
10.132687552085633,3.5309608540925286,0.021986086547444293
10.170808862168498,3.5607067137809172,0.02193865421327347
10.208931300854569,3.5935943060498241,0.022400827879846576
10.247054872463734,3.6458992805755317,0.022617862945863727
10.285179581317017,3.7111747851002832,0.02256776707615726
10.3233054317366,3.7155684286748762,0.023208244039146765
10.361432428045806,3.6878897751994248,0.022528194736995025
10.399560574569128,3.7794268919911831,0.022976071506003781
10.437689875632211,3.8474256707759222,0.023194567895420969
10.475820335561869,3.8615498154981593,0.023149681109274869
10.513951958686086,3.9291176470588223,0.02340592596421286
10.552084749334028,3.9333333333333318,0.023539749921051817
10.590218711836028,3.9543833580980694,0.023868451515115102
10.62835385052362,4.0250186150409579,0.024183166454803728
10.666490169729512,4.066064710308499,0.024612213400341316
10.704627673787614,4.1139865370231856,0.024672603045647473
10.742766367033031,4.193243243243244,0.024417757011816608
10.780906253802076,4.1643399089529627,0.024549894743396063
10.819047338432261,4.2512471655328765,0.024959338857221958
10.857189625262318,4.2925484351713852,0.024423860714096062
10.895333118632189,4.3187165775401093,0.025427449153220046
10.933477822883043,4.3871559633027584,0.025600549891689743
10.971623742357266,4.346007604562736,0.024841209484957934
11.009770881398493,4.4111706197398641,0.026009496025546742
11.047919244351574,4.4638694638694618,0.026442924416104293
11.086068835562605,4.5665903890160147,0.026248601480274917
11.124219659378932,4.5619707467282575,0.025634988336806268
11.162371720149141,4.5941085271317892,0.026405563254871926
11.200525022223079,4.5952160493827154,0.026970434907349995
11.23867956995185,4.64856477889837,0.026502916895585475
11.276835367687816,4.7492537313432894,0.025747242032216549
11.314992419784607,4.7567607726597352,0.025945595795232524
11.353150730597132,4.8194062273714735,0.025410072024221755
11.391310304481571,4.8141823444283567,0.026118656408121884
11.429471145795384,4.8882818116462943,0.026209272519275302
11.467633258897321,4.9238163558106214,0.025572454337517283
11.50579664814742,4.9637136782423719,0.026305536468190224
11.543961317907014,4.9859154929577407,0.026303547513279964
11.582127272538738,5.1183531053733384,0.026433184884423418
11.620294516406533,5.12783216783217,0.0270328341278511
11.658463053875645,5.1072664359861539,0.026039711865346073
11.696632889312633,5.1900758097863662,0.026150358037620832
11.73480402708538,5.2404137931034462,0.02641262264445509
11.772976471563087,5.2195488721804573,0.026371212199399075
11.811150227116292,5.3107796610169427,0.026015883597679271
11.849325298116852,5.317016949152543,0.02662413538294529
11.887501688937975,5.35428963623885,0.027032981270129423
11.925679403954195,5.3535978480161495,0.026942803551954636
11.96385844754141,5.4040404040403978,0.026742910423964723
12.002038824076859,5.5049424509140188,0.027289320952440969
12.04022053793914,5.50964332892999,0.026691963004506096
12.078403593508209,5.5369199731001988,0.02760802710100306
12.116587995165395,5.5872509960159347,0.027260042144620578
12.154773747293387,5.6401838476690669,0.027025403163026748
12.192960854276256,5.6644606221045626,0.027185147199389342
12.231149320499449,5.6780132450331129,0.026815386502743566
12.269339150349806,5.7805101373446721,0.027475473387709084
12.30753034821554,5.7314996725605765,0.02729344599153577
12.345722918486274,5.7529792746114028,0.027183407116962179
12.383916865553019,5.8058631921823958,0.027435761038779583
12.422112193808196,5.8739832149773985,0.026878063668426971
12.460308907645629,5.922877511341551,0.027431818637358586
12.498507011460557,6.0011523687580093,0.02722579865363902
12.53670650964964,5.9675919948353817,0.027433942025070632
12.574907406610954,5.976205787781347,0.027356523156054857
12.613109706744,6.015199493350214,0.027188647669918152
12.651313414449726,6.0302991725016,0.027473495799216506
12.689518534130507,6.1324427480915906,0.027443488319038402
12.72772507019015,6.1091140854047179,0.027386715619111861
12.765933027033922,6.1368421052631472,0.027238853472067205
12.804142409068538,6.1993658845910025,0.027866901302469809
12.842353220702162,6.2203495630461889,0.027370593590026453
12.88056546634443,6.2191624365482383,0.027993957395267374
12.918779150406433,6.2451414514145274,0.0270111653300647
12.95699427730074,6.3302149178255371,0.02761364093441325
12.995210851441389,6.3647560975609805,0.027517232716448958
13.033428877243898,6.3535580524344724,0.027864542075211746
13.071648359125279,6.3825338253382577,0.027447883637012609
13.109869301504016,6.4510903426791222,0.02811453559172063
13.148091708800106,6.42701711491441,0.027532994199203114
13.186315585435032,6.5087891825445441,0.027947271068288392
13.224540935831783,6.4965728274173724,0.028019218547347603
13.262767764414866,6.5346813725490218,0.028158020792450923
13.300996075610291,6.5457544288332317,0.02801399760140064
13.33922587384559,6.57095990279465,0.027571443367536495
13.377457163549819,6.6131067961165035,0.027654196274528735
13.415689949153561,6.632116788321162,0.027904397627710707
13.453924235088932,6.6091787439613734,0.027920631410871768
13.492160025789586,6.6852870813397107,0.028185661308538539
13.530397325690723,6.6954653937947386,0.028143829149377349
13.568636139229087,6.7411695215593532,0.027782349966926294
13.606876470842968,6.773485302939414,0.02808989055973091
13.645118324972232,6.7902352941176574,0.027960179296592103
13.683361706058289,6.8021505376343994,0.028339473264868433
13.721606618544124,6.79988137603796,0.028334370684243788
13.759853066874292,6.8652507374631311,0.028173052797403845
13.798101055494921,6.8022458628841767,0.028217930218649014
13.836350588853737,6.8975235849056373,0.028864783557080106
13.874601671400033,6.9562427071178687,0.028398749024123097
13.912854307584704,6.8716488730723464,0.028402822675190127
13.951108501860237,6.9710995970063347,0.028013251389601816
13.989364258680727,6.9815805109922744,0.029144248747276044
14.027621582501867,6.9555684454756452,0.027888109912475971
14.065880477780965,6.9779953917050541,0.027797464596467918
14.10414094897695,7.009158557527182,0.028220792276922403
14.142403000550365,7.0258101851851791,0.028294883019595502
14.180666636963382,7.06133637921188,0.027734290645851142
14.218931862679806,7.0278510028653232,0.027922720636860254
14.257198682165075,7.0930098209127621,0.028451160820259436
14.295467099886269,7.100737379466822,0.028313289843051471
14.333737120312115,7.1122367672168432,0.028272247838403656
14.372008747912988,7.1303550973654062,0.028172523747257924
14.410281987160918,7.1115777525539228,0.027882527713355816
14.448556842529607,7.1639233370913162,0.028105299113512776
14.486833318494408,7.1980780101752275,0.028123673763920418
14.52511141953236,7.1393526405451446,0.028540558996648896
14.563391150122156,7.1989898989898942,0.028633169434675813
14.601672514744195,7.2011086474501154,0.027253003341283392
14.639955517880543,7.1957541899441484,0.028332560722007818
14.67824016401496,7.2508587257617663,0.028257563282673866
14.716526457632918,7.2216610549943843,0.028335888979691578
14.754814403221573,7.2511806699615455,0.028154362440465607
14.793104005269784,7.2677112479015111,0.028358821384719953
14.831395268268137,7.2732519422863335,0.028386632928993513
14.869688196708921,7.268814855270354,0.028121456828190488
14.907982795086149,7.293228875209862,0.0283748283193019
14.946279067895567,7.31858310626703,0.028202148240006289
14.984577019634639,7.3725663716814189,0.028826508247224648
15.022876654802575,7.2945257452574488,0.028231251252313377
15.061177977900329,7.25796943231439,0.028204207102791132
15.099480993430587,7.3525806451612805,0.027965052600624905
15.137785705897809,7.3281553398058241,0.027966025653948411
15.17609211980818,7.3289831430125165,0.027826239003406243
15.214400239669679,7.324289544235917,0.027431606042741377
15.25271006999203,7.3841338370210581,0.028324877567639174
15.291021615286729,7.3806486486486369,0.027971079711357892
15.329334880067064,7.3676767676767652,0.0278843956077738
15.367649868848098,7.3530048727666575,0.028060943992049225
15.40596658614667,7.370187667560316,0.027634912258524966
15.444285036481427,7.3483974358974384,0.027760822405815642
15.482605224372799,7.401939655172411,0.027506219063568319
15.520927154343028,7.333854166666665,0.027110663293916461
15.559250830916168,7.3621164021164027,0.0275032541956334
15.597576258618066,7.3731171548117276,0.027398770203657285
15.635903441976405,7.3466875326030161,0.027735413581885318
15.674232385520687,7.3030687830687837,0.027818312576417249
15.712563093782236,7.3538381201044283,0.027623477959394366
15.750895571294214,7.3404411764705859,0.027463315145219172
15.78922982259162,7.3710084033613494,0.027722437056429895
15.827565852211292,7.3927685950413027,0.027426372709841263
15.865903664691929,7.3489295039164437,0.027089298179812808
15.904243264574069,7.3481443298969058,0.026806800024993232
15.942584656400117,7.3190451478982732,0.027797630521070382
15.980927844714344,7.3581108829568658,0.027149700563681392
16.019272834062885,7.3265495867768484,0.027124802314884108
16.057619628993756,7.2702453987730005,0.027310090035139525
16.095968234056837,7.2899432697266695,0.02705797688562412
16.134318653803913,7.3838414634146332,0.027145182128997521
16.172670892788652,7.3877697841726633,0.027335038346517796
16.211024955566607,7.3012121212121111,0.026975560214627051
16.249380846695249,7.3272634791454649,0.027144789550613054
16.287738570733946,7.32568250758342,0.027148870347487454
16.326098132243974,7.3301925025329409,0.026803501750249696
16.364459535788523,7.3157682619647293,0.026546202622617622
16.402822785932724,7.2807210816224321,0.026762231589136046
16.441187887243608,7.2253366583541014,0.026961100721382018
16.479554844290156,7.2764292878635963,0.026900750723416522
16.517923661643277,7.2390781563126154,0.026613441490547812
16.556294343875837,7.2678660669665076,0.026987802363997553
16.594666895562629,7.3070999999999948,0.027240319381387594
16.633041321280416,7.2158366533864458,0.026495428024979808
16.671417625607909,7.203373015873014,0.02634839206764359
16.709795813125787,7.1850194552529221,0.026353430958611156
16.7481758884167,7.1469326683291907,0.026753723439920763
16.786557856065272,7.1544834307992149,0.026619073953292563
16.8249417206581,7.057972440944889,0.026098086370847689
16.863327486783771,7.0485990338164353,0.025785790641290711
16.901715159032864,7.07018756169792,0.025911672031603251
16.940104741997956,7.023695758166733,0.026110478290459992
16.978496240273614,7.0397454723445891,0.026001004753214471
17.016889658456421,7.0015533980582463,0.025757173596983752
17.055285001144966,6.9607350096711853,0.025695416783777472
17.093682272939859,6.9860106126386885,0.025674259286580639
17.132081478443723,6.9356310679611575,0.025934962923035206
17.170482622261233,6.9462128475551284,0.025921995976319237
17.208885708999063,6.8925643469971458,0.025466911259493168
17.247290743265953,6.8688068998562475,0.025528306190651596
17.285697729672673,6.863470757430493,0.025531364603698398
17.324106672832045,6.854144705318622,0.02556254880404896
17.362517577358954,6.8450971103742209,0.024952109169365046
17.400930447870326,6.7778200856734836,0.025230303275947105
17.439345288985166,6.6828786453433811,0.024785255458032677
17.477762105324555,6.77223282442748,0.025057386353365733
17.516180901511639,6.7444339622641492,0.02461062021301965
17.554601682171647,6.7192505854800872,0.024760201667502698
17.5930244519319,6.7078873239436518,0.024561215824006406
17.631449215421803,6.639981317141527,0.024704327586814859
17.669875977272877,6.6385981308411131,0.025002925848527934
17.708304742118727,6.6459823502090147,0.024484478973763952
17.746735514595066,6.6623776223776083,0.024674559796308285
17.785168299339748,6.5806601580660118,0.024452770201614942
17.823603100992713,6.5733084461035975,0.024464523431494745
17.862039924196054,6.4925220622387361,0.024550471910432414
17.900478773593978,6.5169569202566349,0.02423467137949091
17.938919653832823,6.5177777777777726,0.024658243612474241
17.977362569561091,6.504766269477547,0.024058268850796486
18.015807525429413,6.480790441176473,0.024400799273595751
18.054254526090585,6.4524368231046969,0.024101275406802444
18.092703576199543,6.4442518248175151,0.02379603325735679
18.13115468041341,6.4015518028297835,0.023763804630346549
18.169607843391461,6.3884044526901693,0.023827898924284534
18.208063069795156,6.3714556661924995,0.024413400970803238
18.246520364288127,6.3513076557299168,0.024336418487266503
18.2849797315362,6.3073359073359105,0.024315512898127303
18.323441176207385,6.2420746485700471,0.024495082559871782
18.361904702971891,6.276260401370541,0.024409411103844585
18.400370316502141,6.2748406081412638,0.024690153009651133
18.438838021472744,6.2228909718796359,0.02434371282505059
18.477307822560547,6.2444665012407006,0.024389219547451692
18.5157797244446,6.1466666666666745,0.024589220850718695
18.554253731806178,6.19760119940029,0.024752316450406171
18.592729849328798,6.1704967385850349,0.024666813909087433
18.631208081698205,6.1646586345381582,0.024674090560504635
18.669688433602385,6.1688008130081347,0.024953791819181833
18.708170909731578,6.0951515151515023,0.024650397103070092
18.746655514778276,6.08894575230296,0.024743889710533758
18.785142253437211,6.0685656154628695,0.025027499935265433
18.82363113040541,6.0624999999999964,0.02452261898144685
18.862122150382149,6.0222782258064615,0.024933146662312639
18.90061531806899,6.0433316300459916,0.024837398900962603
18.939110638169758,5.9844809866392641,0.024296326533274626
18.977608115390595,6.0088797108931518,0.024457321858254288
19.016107754439911,5.9531914893616964,0.024554756599260295
19.054609560028428,5.92510330578512,0.024668461088494298
19.093113536869158,5.90282426778243,0.024924058780224287
19.131619689677443,5.9108122090015529,0.024719416879594808
19.170128023170918,5.85579710144928,0.024235875746225391
19.208638542069554,5.8951092611862519,0.024719589670122978
19.247151251095644,5.8571428571428568,0.024688084566738523
19.285666154973821,5.8005277044854893,0.025062685523812332
19.324183258431038,5.8191022964509385,0.024705653855362157
19.362702566196617,5.7795275590551105,0.024516739903062263
19.401224083002205,5.7705944798301489,0.024754076880278232
19.439747813581825,5.7122533748702162,0.023718331310887061
19.478273762671844,5.7244799999999936,0.024034109095200529
19.51680193501101,5.7422594142259351,0.02409300338481335
19.555332335340434,5.7307027027026907,0.024299326494347327
19.593864968403622,5.6899665551839451,0.025065024700019083
19.632399838946437,5.6503393665158379,0.025129804699042843
19.670936951717156,5.6470248411322945,0.025339801512393904
19.709476311466442,5.6534412955465561,0.025266319659271366
19.748017922947362,5.6564748201438944,0.025588215454061446
19.786561790915396,5.623928571428582,0.0254871749794946
19.825107920128421,5.5863773357444284,0.025470697506812769
19.863656315346752,5.5656365883807117,0.025545908263199951
19.902206981333112,5.5637355973317169,0.026179018790023267
19.940759922852681,5.5645820433436555,0.026258834742901988
19.979315144673048,5.5572595851665589,0.025782983323983287
20.017872651564257,5.5384422110552674,0.025961899521451597
20.056432448298796,5.5416613007083138,0.026330061631413042
20.094994539651623,5.4532734274711219,0.026271292101977459
20.133558930400131,5.4682767624020823,0.02633907048540764
20.172125625324203,5.41143599740091,0.026663487277960928
20.210694629206181,5.3978092783505192,0.026163919739633685
20.249265946830889,5.3910666666666707,0.026421708246566256
20.28783958298563,5.3550032701111778,0.02602548345469622
20.326415542460207,5.353061224489795,0.026675342195615452
20.36499383004691,5.3552199606040736,0.026188170379421585
20.403574450540539,5.3869830508474505,0.026635354593753026
20.442157408738385,5.3602450646698419,0.026257325103893562
20.480742709440278,5.3102841677943253,0.025994618978734816
20.519330357448549,5.3168236877523505,0.026011488777192851
20.557920357568058,5.3258596973865107,0.026736538963318991
20.596512714606202,5.32442645074224,0.026213511060345807
20.635107433372912,5.2534351145038221,0.026776164349431985
20.673704518680662,5.2415868673050543,0.026201722595886521
20.712303975344469,5.2331714087439343,0.026147933355603104
20.750905808181933,5.1570339570339563,0.026361367431199222
20.789510022013175,5.1964285714285694,0.026256033630704109
20.828116621660921,5.1585382993675415,0.026566386539491175
20.866725611950443,5.1002036659877765,0.025994709861133124
20.905336997709611,5.1192173305380848,0.0265149208694614
20.943950783768869,5.1030133146461134,0.026280868882603003
20.982566974961266,5.0402787456445965,0.025952364709365884
21.021185576122434,5.0458715596330306,0.026401713663404953
21.05980659209062,4.9622695035460982,0.02615262050690715
21.098430027706673,4.98369039391845,0.025674528717344741
21.137055887814068,4.9772403982930378,0.026349407614285513
21.175684177258894,4.97615708274895,0.026260750615526084
21.214314900889875,4.9631165117941407,0.026329742064052888
21.25294806355836,4.9130559540889474,0.02675897465542872
21.291583670118353,4.9064676616915435,0.026452030131311085
21.33022172542649,4.8649635036496433,0.026266421075691417
21.36886223434206,4.8781362007168436,0.026292319851423114
21.407505201727034,4.81437722419929,0.026005446130170969
21.446150632446024,4.8495252008765526,0.02576091904502463
21.484798531366319,4.7730577334283737,0.025170565253965334
21.523448903357895,4.6979797979798006,0.025786157197634968
21.562101753293394,4.7207877461706813,0.025736985958288178
21.600757086048173,4.7099280575539533,0.025879488840645063
21.63941490650026,4.6213450292397695,0.025792390865497502
21.678075219530395,4.6231821454283653,0.025297960669070575
21.716738030022039,4.6371428571428561,0.02541271576295967
21.755403342861349,4.6307242136064319,0.026057219442157359
21.794071162937222,4.582168330955775,0.02560438920321647
21.832741495141256,4.5248723559445647,0.025859893324059878
21.87141434436781,4.5238578680203014,0.025743598645900419
21.910089715513966,4.5004961020552772,0.024477947869580238
21.948767613479557,4.4718390804597705,0.025429613896292655
21.98744804316717,4.43236337828247,0.024603760623090054
22.026131009482153,4.4431818181818237,0.024622259228899459
22.064816517332609,4.382040229885062,0.024645516623287657
22.103504571629426,4.3532430506058484,0.025260623393794479
22.142195177286251,4.3073101490418644,0.024622179218252375
22.180888339219543,4.3206008583690974,0.024702461499847436
22.219584062348517,4.2772886093640743,0.024149592645405914
22.258282351595216,4.1978932584269657,0.023998777611634086
22.296983211884463,4.2137588652482316,0.0245842652377249
22.335686648143902,4.13375977256574,0.024037458221950785
22.374392665303997,4.1347670250895971,0.0241039359901924
22.413101268298021,4.1276082327892087,0.024031022407175605
22.451812462062083,4.0854760250173712,0.023799196433655787
22.490526251535126,4.0310541310541277,0.023590879034567403
22.529242641658932,3.9985744832501768,0.023221707233479636
22.56796163737814,3.9938028169014008,0.023323152670808714
22.606683243640223,3.9434257285003582,0.023774810536874143
22.645407465395536,3.9557306590257877,0.023395025061795836
22.684134307597294,3.8796622097114719,0.023196410589513713
22.722863775201578,3.9164772727272763,0.023455786598922106
22.761595873167362,3.8105263157894758,0.023024771061505883
22.800330606456484,3.8291166077738481,0.023019133518334754
22.839067980033711,3.8118402282453663,0.022980255186238623
22.877807998866668,3.7823148813803025,0.022950150207160729
22.916550667925915,3.7332384341637028,0.022425689820753037
22.955295992184919,3.7103786816269229,0.02246295324559126
22.994043976620056,3.6981428571428561,0.022753784166101909
23.032794626210638,3.6681948424068822,0.023060117803145878
23.0715479459389,3.6180654338549081,0.0224994016734295
23.110303940790018,3.5599137931034459,0.0226225815575306
23.149062615752122,3.5621736062103082,0.022391567554045942
23.187823975816276,3.5994338287331886,0.022224025242283778
23.226588025976518,3.5074047447879213,0.022345182759050192
23.265354771229845,3.5358112937812693,0.022344444916842874
23.304124216576231,3.4423213021939052,0.022080679405520161
23.342896367018611,3.4630513376717253,0.022402440888151666
23.381671227562919,3.3999999999999977,0.021765990211421261
23.420448803218079,3.3752999294283712,0.021822500867664584
23.459229098996012,3.3651179413867029,0.021787572292662118
23.498012119911643,3.3272074659009276,0.021883536375823052
23.536797870982898,3.2701929949964228,0.021799060104961583
23.575586357230733,3.291395516992047,0.021786009720679553
23.614377583679129,3.2573851590106058,0.021307625593068525
23.653171555355094,3.1988603988603947,0.021095851319588646
23.691968277288669,3.1832028469750866,0.020886981704796772
23.730767754512943,3.1718432510885357,0.021353033094756255
23.76956999206406,3.1580529706513927,0.0210623763418269
23.808374994981218,3.1140000000000003,0.020569196307456777
23.847182768306677,3.118617771509169,0.021086626310797631
23.885993317085784,3.0740419378163408,0.02122687703513923
23.924806646366935,3.0708392603129453,0.020984762387118008
23.963622761201645,3.0120171673819778,0.020821717859521135
24.002441666644483,3.0380116959064329,0.020826535261034281
24.041263367753153,2.9574438202247193,0.020356933631453293
24.080087869588436,2.9643971631205641,0.020345341008681045
24.118915177214241,2.9152221412964328,0.020883963082528368
24.157745295697595,2.9160283687943234,0.020174032814985712
24.196578230108642,2.9069534050179229,0.020238680618137769
24.235413985520662,2.8396198830409358,0.019951453940660408
24.274252567010077,2.8072727272727227,0.019690251402493895
24.31309397965645,2.8669034090909107,0.019950687366470043
24.3519382285425,2.7803779069767449,0.020279418551646427
24.390785318754123,2.7976895306859215,0.020153847921665035
24.429635255380333,2.7713266761768849,0.019852406455838696
24.468488043513378,2.7417899929527882,0.019233866249593282
24.507343688248639,2.6934782608695675,0.019620159036606147
24.54620219468471,2.6997855611150854,0.019628935859702178
24.585063567923374,2.6768790264853197,0.019373205238696938
24.623927813069606,2.6855282199710566,0.019945084729380908
24.6627949352316,2.6403373155305658,0.019436592985771266
24.701664939520768,2.622238061297216,0.019286930811467765
24.740537831051721,2.5688856729377707,0.019357053950007117
24.779413614942335,2.583082437275984,0.01899925589102331
24.818292296313686,2.6110711718188311,0.019184724198576159
24.857173880290119,2.548972360028352,0.019146910971873009
24.896058371999214,2.4920657612580386,0.018461957880959973
24.934945776571819,2.5389367816091997,0.018799616169133632
24.973836099142034,2.4923299565846575,0.018496157803884909
25.012729344847248,2.4906093189964134,0.018675451742433
25.051625518828093,2.4814396612561778,0.018516145319528717
25.090524626228543,2.4603854389721658,0.018865840367975291
25.129426672195798,2.3912419239052412,0.018476604295076665
25.168331661880416,2.406240928882438,0.01877895738028636
25.207239600436218,2.396997855611152,0.018183945399621277
25.246150493020359,2.404507042253524,0.018090506222706165
25.28506434479333,2.3852857142857178,0.018210783977117052
25.323981160918905,2.3653295128939842,0.01837807920117971
25.362900946564242,2.3687861271676329,0.018388692835288309
25.401823706899798,2.3244285714285682,0.017851999259215191
25.440749447099417,2.3101634683724215,0.018045317495446588
25.479678172340272,2.2907791279485381,0.017717145483247966
25.51860988780291,2.2789135096497537,0.017948362443873777
25.55754459867126,2.2759312320916947,0.01809246290531448
25.5964823101326,2.2802275960170695,0.017956741152298547
25.635423027377623,2.2329294369208825,0.01757841922618943
25.674366755600396,2.2595408895265394,0.017705575375256421
25.713313499998392,2.2316690442225391,0.017728374141596174
25.752263265772491,2.1997111913357381,0.017887494662471626
25.791216058126981,2.2133614627285523,0.017187440289895922
25.830171882269589,2.1854700854700853,0.017317215674520749
25.869130743411439,2.208440629470672,0.01768734507852374
25.908092646767134,2.1614388489208647,0.017517653225393164
25.947057597554679,2.156152758132952,0.017350242399898123
25.986025600995553,2.153594306049821,0.017342904388247673
26.024996662314681,2.108000000000001,0.017173484545326564
26.063970786740466,2.1235504652827473,0.017373341657845074
26.102947979504769,2.1146723646723613,0.017310476602982371
26.141928245842944,2.086944248412137,0.017178358299099732
26.180911590993833,2.1089349535382405,0.017377637053921636
26.219898020199754,2.1037302725968443,0.01702789893766125
26.258887538706549,2.0928673323823141,0.017227127382096936
26.29788015176355,2.0870488322717633,0.016862021358058515
26.336875864623636,2.0858974358974356,0.016799456396359595
26.375874682543159,2.0626334519572986,0.016966693687105117
26.414876610782059,2.054350927246789,0.016917208067271424
26.453881654603784,2.02830856334041,0.0169585779598436
26.492889819275334,2.0360795454545468,0.016977551776792728
26.531901110067263,2.0530292230933727,0.017074394283461213
26.570915532253686,1.9921596578759795,0.016492002830111194
26.609933091112293,2.0086647727272715,0.016951980921235277
26.648953791924342,2.0083215796897,0.016613849068250676
26.68797763997469,1.9967283072546245,0.017141562817975756
26.727004640551762,2.0109375000000025,0.016994478700497188
26.7660347989476,1.97891737891738,0.016828119540212474
26.805068120457864,1.9763713080168777,0.016465610630829561
26.844104610381788,1.9610872675250366,0.016670503712008438
26.883144274022278,1.9765791341376837,0.016720572687156522
26.922187116685823,1.9666191155492134,0.016517940023143773
26.961233143682588,1.9791086350974954,0.016234739870299105
27.000282360326356,1.9961620469083154,0.017015465687169561
27.03933477193457,1.9691542288557227,0.016553802455548234
27.078390383828353,1.9823402727925346,0.016962524042593144
27.117449201332459,2.0343575418994422,0.0169659685955207
27.156511229775347,2.0512350035285807,0.016801384491125445
27.195576474489148,2.0600706713780936,0.016661367551909428
27.234644940809691,2.1419814682822547,0.017551521213837743
27.273716634076482,2.1913104414856344,0.017606510192414857
27.312791559632768,2.2649184975194903,0.017841384220435238
27.351869722825469,2.2785915492957738,0.017818432267362159
27.390951129005273,2.3039201710620172,0.017892080903676048
27.430035783526556,2.2917827298050186,0.017940102716551078
27.469123691747455,2.21030345800988,0.017787131052488785
27.508214859029849,2.2318116975748938,0.01799355898370162
27.54730929073936,2.1218130311614729,0.016928271608037827
27.586406992245383,2.0902151283830674,0.01691931304352037
27.625507968921074,2.0322580645161326,0.016645490764516203
27.664612226143365,1.97315340909091,0.01659137121865726
27.703719769292981,1.9380543633762501,0.016826917215266038
27.742830603754427,1.9269951422623171,0.016244949783978252
27.781944734916028,1.9095271700776282,0.016063690507743283
27.821062168169881,1.9065734265734267,0.016160958686046736
27.860182908911938,1.8760028149190757,0.016201687258647016
27.899306962541942,1.8707112970711293,0.016289655808761697
27.938434334463508,1.8774377224199272,0.016304059862637207
27.977565030084033,1.8798301486199585,0.016205261748180277
28.016699054814815,1.875938803894297,0.016065031364275568
28.055836414070992,1.8488517745302684,0.015861198775283875
28.094977113271543,1.8396903589021825,0.016037320513612275
28.134121157839356,1.844507042253521,0.015909571377519409
28.173268553201154,1.8375436147941406,0.016140708074458443
28.212419304787591,1.8392982456140328,0.016013229372230639
28.251573418033193,1.8653981677237539,0.015941046388271953
28.290730898376388,1.8264788732394388,0.01607640209205255
28.329891751259531,1.813783597518952,0.015829848167512848
28.369055982128881,1.8433263452131408,0.015668979956725237
28.408223596434635,1.8332628611698403,0.015951012657697071
28.447394599630922,1.8221914008321742,0.0158563246458006
28.486568997175812,1.8468292682926808,0.015834924030319809
28.52574679453134,1.8651292802236221,0.01608543230342311
28.564927997163473,1.8439544807965873,0.016173735878864164
28.604112610542188,1.8227056424201222,0.015504131882028208
28.643300640141405,1.8280530355896716,0.015727511699302584
28.682492091439048,1.8321998612074952,0.015970187218478853
